#  a    s_tot  pi*a^2
# --------------------------------
# ./scatter.csh -f 3 -- 1 0 -5 0.01 0.5 0 2000 0 40 0.99999 0.00002
1.0   3.14152982205540  3.141592653589793
# ./scatter.csh -f 3 -- 2 0 -5 0.01 0.5 0 2000 0 40 1.99999 0.00002
2.0   12.5664962783313  12.566370614359172
# ./scatter.csh -f 3 -- 3 0 -5 0.01 0.5 0 2000 0 40 2.99999 0.00002
3.0   28.2741453871143  28.274333882308138
# ./scatter.csh -f 3 -- 0.5 0 -5 0.01 0.5 0 2000 0 40 0.499999 0.00002
0.5   0.785429579638825 0.785398163397448
