           1  -10.0000000    
           2   16.0000000    
           3   12.0000000    
           4   24.0000000    
           5  -2.00000000    
           6   10.0000000    
           7  -4.00000000    
           8  -18.0000000    
           9   2.00000000    
          10   2.00000000    
          11   10.0000000    
          12   14.0000000    
          13   8.00000000    
          14  -8.00000000    
          15   2.00000000    
          16  -6.00000000    
          17   6.00000000    
          18   24.0000000    
          19  -4.00000000    
          20  -10.0000000    
          21  -2.00000000    
          22  -4.00000000    
          23   10.0000000    
          24   0.00000000    
          25  -2.00000000    
          26   12.0000000    
          27  -8.00000000    
          28  -6.00000000    
          29   16.0000000    
          30  -18.0000000    
          31   14.0000000    
          32  -4.00000000    
          33  -6.00000000    
          34  -2.00000000    
          35   10.0000000    
          36   8.00000000    
          37   6.00000000    
          38   10.0000000    
          39  -6.00000000    
          40  -14.0000000    
          41  -32.0000000    
          42  -14.0000000    
          43   2.00000000    
          44   12.0000000    
          45   2.00000000    
          46   10.0000000    
          47  -2.00000000    
          48   10.0000000    
          49  -2.00000000    
          50   4.00000000    
          51   4.00000000    
          52  -4.00000000    
          53   12.0000000    
          54  -6.00000000    
          55   26.0000000    
          56  -2.00000000    
          57   0.00000000    
          58  -2.00000000    
          59  -4.00000000    
          60   2.00000000    
          61   22.0000000    
          62  -4.00000000    
          63  -20.0000000    
          64   18.0000000    
          65  -14.0000000    
          66  -12.0000000    
          67   10.0000000    
          68   12.0000000    
          69   4.00000000    
          70   12.0000000    
          71   10.0000000    
          72   10.0000000    
          73  -26.0000000    
          74  -4.00000000    
          75   22.0000000    
          76   2.00000000    
          77   2.00000000    
          78   8.00000000    
          79  -10.0000000    
          80  -8.00000000    
          81  -2.00000000    
          82  -2.00000000    
          83   14.0000000    
          84   2.00000000    
          85  -16.0000000    
          86   4.00000000    
          87   12.0000000    
          88  -6.00000000    
          89  -6.00000000    
          90  -2.00000000    
          91  -4.00000000    
          92   8.00000000    
          93   0.00000000    
          94  -2.00000000    
          95   0.00000000    
          96   8.00000000    
          97   6.00000000    
          98   8.00000000    
          99  -4.00000000    
         100   12.0000000    
         101   30.0000000    
         102   14.0000000    
         103   2.00000000    
         104   16.0000000    
         105  -14.0000000    
         106  -2.00000000    
         107  -14.0000000    
         108   8.00000000    
         109   2.00000000    
         110   2.00000000    
         111  -10.0000000    
         112  -28.0000000    
         113  -20.0000000    
         114   2.00000000    
         115   10.0000000    
         116   6.00000000    
         117   32.0000000    
         118   12.0000000    
         119   4.00000000    
         120  -4.00000000    
         121   6.00000000    
         122   0.00000000    
         123   8.00000000    
         124  -12.0000000    
         125   12.0000000    
         126   0.00000000    
         127   2.00000000    
         128  -6.00000000    
         129  -22.0000000    
         130  -16.0000000    
         131  -18.0000000    
         132   10.0000000    
         133   16.0000000    
         134   2.00000000    
         135  -6.00000000    
         136   2.00000000    
         137  -10.0000000    
         138  -2.00000000    
         139  -8.00000000    
         140   18.0000000    
         141   2.00000000    
         142   6.00000000    
         143   32.0000000    
         144  -2.00000000    
         145   26.0000000    
         146   14.0000000    
         147  -24.0000000    
         148  -8.00000000    
         149  -16.0000000    
         150  -16.0000000    
         151  -2.00000000    
         152   8.00000000    
         153   6.00000000    
         154  -14.0000000    
         155  -2.00000000    
         156  -2.00000000    
         157  -8.00000000    
         158  -4.00000000    
         159   0.00000000    
         160  -8.00000000    
         161  -12.0000000    
         162  -2.00000000    
         163   16.0000000    
         164  -8.00000000    
         165  -2.00000000    
         166   4.00000000    
         167   2.00000000    
         168  -6.00000000    
         169  -16.0000000    
         170   8.00000000    
         171   0.00000000    
         172  -6.00000000    
         173  -4.00000000    
         174   6.00000000    
         175  -6.00000000    
         176   0.00000000    
         177   10.0000000    
         178   0.00000000    
         179  -10.0000000    
         180   2.00000000    
         181   16.0000000    
         182  -12.0000000    
         183   12.0000000    
         184   12.0000000    
         185  -20.0000000    
         186  -2.00000000    
         187   12.0000000    
         188  -10.0000000    
         189   2.00000000    
         190  -10.0000000    
         191  -24.0000000    
         192   0.00000000    
         193  -14.0000000    
         194   30.0000000    
         195  -2.00000000    
         196  -2.00000000    
         197   0.00000000    
         198   12.0000000    
         199   4.00000000    
         200   18.0000000    
         201  -10.0000000    
         202  -8.00000000    
         203  -4.00000000    
         204   16.0000000    
         205   10.0000000    
         206  -4.00000000    
         207   4.00000000    
         208   12.0000000    
         209  -10.0000000    
         210   16.0000000    
         211   10.0000000    
         212   0.00000000    
         213  -16.0000000    
         214  -10.0000000    
         215  -12.0000000    
         216  -2.00000000    
         217  -28.0000000    
         218   8.00000000    
         219   4.00000000    
         220  -4.00000000    
         221   2.00000000    
         222   12.0000000    
         223  -26.0000000    
         224   0.00000000    
         225  -10.0000000    
         226  -12.0000000    
         227  -8.00000000    
         228   20.0000000    
         229  -2.00000000    
         230  -14.0000000    
         231   4.00000000    
         232   6.00000000    
         233   12.0000000    
         234  -4.00000000    
         235   10.0000000    
         236  -8.00000000    
         237   2.00000000    
         238   4.00000000    
         239   8.00000000    
         240  -14.0000000    
         241  -22.0000000    
         242  -2.00000000    
         243   0.00000000    
         244   6.00000000    
         245  -2.00000000    
         246   8.00000000    
         247   6.00000000    
         248   6.00000000    
         249   16.0000000    
         250   4.00000000    
         251   6.00000000    
         252   10.0000000    
         253  -12.0000000    
         254   0.00000000    
         255  -14.0000000    
         256  -4.00000000    
         257  -6.00000000    
         258  -18.0000000    
         259   0.00000000    
         260  -26.0000000    
         261   12.0000000    
         262   4.00000000    
         263   4.00000000    
         264   18.0000000    
         265  -2.00000000    
         266  -6.00000000    
         267  -14.0000000    
         268   28.0000000    
         269  -6.00000000    
         270  -14.0000000    
         271  -4.00000000    
         272  -8.00000000    
         273  -10.0000000    
