# Configuration of 2d Ising model on square lattice. Parameters (N=Lx*Ly) and s(N)
Lx=    10 Ly=   10 beta=     0.44000000000000000     seed=        13932584         5865399         1640747        14887792        12339848         4632476        10145108         3802292         8876643        10914676         7857703        16313618         1440384        13044835         6574592         4653778        10797305         1135563         9186958        11480966         1574073         2298079         1223699        15758062        -3120519
 -1
 -1
 -1
 -1
 -1
 -1
 -1
 -1
 -1
 -1
 -1
 -1
 -1
 -1
 -1
 -1
 -1
 -1
 -1
 -1
 -1
 -1
 -1
 -1
 -1
 -1
 -1
 -1
 -1
 -1
 -1
 -1
 -1
 -1
 -1
 -1
 -1
 -1
 -1
 -1
 -1
 -1
 -1
 -1
 -1
 -1
 -1
 -1
 -1
 -1
 -1
 -1
 -1
 -1
 -1
 -1
 -1
 -1
 -1
 -1
 -1
 -1
 -1
 -1
 -1
 -1
 -1
 -1
 -1
 -1
 -1
 -1
 -1
 -1
 -1
 -1
 -1
 -1
 -1
 -1
 -1
 -1
 -1
 -1
 -1
 -1
 -1
 -1
 -1
 -1
 -1
 -1
 -1
 -1
 -1
 -1
 -1
 -1
 -1
 -1
