   0.0000000000000000        0.0000000000000000        0.0000000000000000     
   0.0000000000000000       0.11111111111111110       0.34202014332566871     
   0.0000000000000000       0.22222222222222221       0.64278760968653925     
   0.0000000000000000       0.33333333333333331       0.86602540378443860     
   0.0000000000000000       0.44444444444444442       0.98480775301220802     
   0.0000000000000000       0.55555555555555558       0.98480775301220802     
   0.0000000000000000       0.66666666666666663       0.86602540378443871     
   0.0000000000000000       0.77777777777777768       0.64278760968653947     
   0.0000000000000000       0.88888888888888884       0.34202014332566888     
   0.0000000000000000        1.0000000000000000        0.0000000000000000     
  
   4.0404040404040404E-003   0.0000000000000000        0.0000000000000000     
   4.0404040404040404E-003  0.11111111111111110       0.32851926722809838     
   4.0404040404040404E-003  0.22222222222222221       0.61741426240047592     
   4.0404040404040404E-003  0.33333333333333331       0.83183998546330518     
   4.0404040404040404E-003  0.44444444444444442       0.94593352962857435     
   4.0404040404040404E-003  0.55555555555555558       0.94593352962857435     
   4.0404040404040404E-003  0.66666666666666663       0.83183998546330529     
   4.0404040404040404E-003  0.77777777777777768       0.61741426240047614     
   4.0404040404040404E-003  0.88888888888888884       0.32851926722809854     
   4.0404040404040404E-003   1.0000000000000000        0.0000000000000000     
  
   8.0808080808080808E-003   0.0000000000000000        0.0000000000000000     
   8.0808080808080808E-003  0.11111111111111110       0.31555132364622612     
   8.0808080808080808E-003  0.22222222222222221       0.59304250061916919     
   8.0808080808080808E-003  0.33333333333333331       0.79900399964228552     
   8.0808080808080808E-003  0.44444444444444442       0.90859382426539537     
   8.0808080808080808E-003  0.55555555555555558       0.90859382426539548     
   8.0808080808080808E-003  0.66666666666666663       0.79900399964228563     
   8.0808080808080808E-003  0.77777777777777768       0.59304250061916941     
   8.0808080808080808E-003  0.88888888888888884       0.31555132364622623     
   8.0808080808080808E-003   1.0000000000000000        0.0000000000000000     
  
   1.2121212121212121E-002   0.0000000000000000        0.0000000000000000     
   1.2121212121212121E-002  0.11111111111111110       0.30309527564406075     
   1.2121212121212121E-002  0.22222222222222221       0.56963278783558957     
   1.2121212121212121E-002  0.33333333333333331       0.76746417892955610     
   1.2121212121212121E-002  0.44444444444444442       0.87272806347965037     
   1.2121212121212121E-002  0.55555555555555558       0.87272806347965048     
   1.2121212121212121E-002  0.66666666666666663       0.76746417892955632     
   1.2121212121212121E-002  0.77777777777777768       0.56963278783558968     
   1.2121212121212121E-002  0.88888888888888884       0.30309527564406086     
   1.2121212121212121E-002   1.0000000000000000        0.0000000000000000     
  
   1.6161616161616162E-002   0.0000000000000000        0.0000000000000000     
   1.6161616161616162E-002  0.11111111111111110       0.29113091669595936     
   1.6161616161616162E-002  0.22222222222222221       0.54714714820366006     
   1.6161616161616162E-002  0.33333333333333331       0.73716935860610699     
   1.6161616161616162E-002  0.44444444444444442       0.83827806489961953     
   1.6161616161616162E-002  0.55555555555555558       0.83827806489961965     
   1.6161616161616162E-002  0.66666666666666663       0.73716935860610711     
   1.6161616161616162E-002  0.77777777777777768       0.54714714820366017     
   1.6161616161616162E-002  0.88888888888888884       0.29113091669595947     
   1.6161616161616162E-002   1.0000000000000000        0.0000000000000000     
  
   2.0202020202020200E-002   0.0000000000000000        0.0000000000000000     
   2.0202020202020200E-002  0.11111111111111110       0.27963883790707472     
   2.0202020202020200E-002  0.22222222222222221       0.52554910493284979     
   2.0202020202020200E-002  0.33333333333333331       0.70807039362500124     
   2.0202020202020200E-002  0.44444444444444442       0.80518794283992456     
   2.0202020202020200E-002  0.55555555555555558       0.80518794283992456     
   2.0202020202020200E-002  0.66666666666666663       0.70807039362500135     
   2.0202020202020200E-002  0.77777777777777768       0.52554910493284990     
   2.0202020202020200E-002  0.88888888888888884       0.27963883790707478     
   2.0202020202020200E-002   1.0000000000000000        0.0000000000000000     
  
   2.4242424242424242E-002   0.0000000000000000        0.0000000000000000     
   2.4242424242424242E-002  0.11111111111111110       0.26860039652774031     
   2.4242424242424242E-002  0.22222222222222221       0.50480362111457300     
   2.4242424242424242E-002  0.33333333333333331       0.68012007888699932     
   2.4242424242424242E-002  0.44444444444444442       0.77340401764231326     
   2.4242424242424242E-002  0.55555555555555558       0.77340401764231337     
   2.4242424242424242E-002  0.66666666666666663       0.68012007888699944     
   2.4242424242424242E-002  0.77777777777777768       0.50480362111457311     
   2.4242424242424242E-002  0.88888888888888884       0.26860039652774037     
   2.4242424242424242E-002   1.0000000000000000        0.0000000000000000     
  
   2.8282828282828285E-002   0.0000000000000000        0.0000000000000000     
   2.8282828282828285E-002  0.11111111111111110       0.25799768571071602     
   2.8282828282828285E-002  0.22222222222222221       0.48487704288440364     
   2.8282828282828285E-002  0.33333333333333331       0.65327307266321710     
   2.8282828282828285E-002  0.44444444444444442       0.74287472859511960     
   2.8282828282828285E-002  0.55555555555555558       0.74287472859511972     
   2.8282828282828285E-002  0.66666666666666663       0.65327307266321721     
   2.8282828282828285E-002  0.77777777777777768       0.48487704288440375     
   2.8282828282828285E-002  0.88888888888888884       0.25799768571071607     
   2.8282828282828285E-002   1.0000000000000000        0.0000000000000000     
  
   3.2323232323232323E-002   0.0000000000000000        0.0000000000000000     
   3.2323232323232323E-002  0.11111111111111110       0.24781350546223399     
   3.2323232323232323E-002  0.22222222222222221       0.46573704482789935     
   3.2323232323232323E-002  0.33333333333333331       0.62748582304059175     
   3.2323232323232323E-002  0.44444444444444442       0.71355055029013337     
   3.2323232323232323E-002  0.55555555555555558       0.71355055029013337     
   3.2323232323232323E-002  0.66666666666666663       0.62748582304059186     
   3.2323232323232323E-002  0.77777777777777768       0.46573704482789946     
   3.2323232323232323E-002  0.88888888888888884       0.24781350546223405     
   3.2323232323232323E-002   1.0000000000000000        0.0000000000000000     
  
   3.6363636363636362E-002   0.0000000000000000        0.0000000000000000     
   3.6363636363636362E-002  0.11111111111111110       0.23803133473972063     
   3.6363636363636362E-002  0.22222222222222221       0.44735257754147184     
   3.6363636363636362E-002  0.33333333333333331       0.60271649727083332     
   3.6363636363636362E-002  0.44444444444444442       0.68538391228119244     
   3.6363636363636362E-002  0.55555555555555558       0.68538391228119255     
   3.6363636363636362E-002  0.66666666666666663       0.60271649727083343     
   3.6363636363636362E-002  0.77777777777777768       0.44735257754147190     
   3.6363636363636362E-002  0.88888888888888884       0.23803133473972068     
   3.6363636363636362E-002   1.0000000000000000        0.0000000000000000     
  
   4.0404040404040401E-002   0.0000000000000000        0.0000000000000000     
   4.0404040404040401E-002  0.11111111111111110       0.22863530465093063     
   4.0404040404040401E-002  0.22222222222222221       0.42969381726323519     
   4.0404040404040401E-002  0.33333333333333331       0.57892491390825074     
   4.0404040404040401E-002  0.44444444444444442       0.65832912191416582     
   4.0404040404040401E-002  0.55555555555555558       0.65832912191416593     
   4.0404040404040401E-002  0.66666666666666663       0.57892491390825085     
   4.0404040404040401E-002  0.77777777777777768       0.42969381726323530     
   4.0404040404040401E-002  0.88888888888888884       0.22863530465093068     
   4.0404040404040401E-002   1.0000000000000000        0.0000000000000000     
  
   4.4444444444444446E-002   0.0000000000000000        0.0000000000000000     
   4.4444444444444446E-002  0.11111111111111110       0.21961017271101665     
   4.4444444444444446E-002  0.22222222222222221       0.41273211749212241     
   4.4444444444444446E-002  0.33333333333333331       0.55607247762636336     
   4.4444444444444446E-002  0.44444444444444442       0.63234229020313915     
   4.4444444444444446E-002  0.55555555555555558       0.63234229020313915     
   4.4444444444444446E-002  0.66666666666666663       0.55607247762636347     
   4.4444444444444446E-002  0.77777777777777768       0.41273211749212252     
   4.4444444444444446E-002  0.88888888888888884       0.21961017271101671     
   4.4444444444444446E-002   1.0000000000000000        0.0000000000000000     
  
   4.8484848484848485E-002   0.0000000000000000        0.0000000000000000     
   4.8484848484848485E-002  0.11111111111111110       0.21094129811577308     
   4.8484848484848485E-002  0.22222222222222221       0.39643996251678482     
   4.8484848484848485E-002  0.33333333333333331       0.53412211660755660     
   4.8484848484848485E-002  0.44444444444444442       0.60738126063255793     
   4.8484848484848485E-002  0.55555555555555558       0.60738126063255804     
   4.8484848484848485E-002  0.66666666666666663       0.53412211660755671     
   4.8484848484848485E-002  0.77777777777777768       0.39643996251678493     
   4.8484848484848485E-002  0.88888888888888884       0.21094129811577314     
   4.8484848484848485E-002   1.0000000000000000        0.0000000000000000     
  
   5.2525252525252523E-002   0.0000000000000000        0.0000000000000000     
   5.2525252525252523E-002  0.11111111111111110       0.20261461799094210     
   5.2525252525252523E-002  0.22222222222222221       0.38079092277888810     
   5.2525252525252523E-002  0.33333333333333331       0.51303822240421360     
   5.2525252525252523E-002  0.44444444444444442       0.58340554076983020     
   5.2525252525252523E-002  0.55555555555555558       0.58340554076983031     
   5.2525252525252523E-002  0.66666666666666663       0.51303822240421360     
   5.2525252525252523E-002  0.77777777777777768       0.38079092277888821     
   5.2525252525252523E-002  0.88888888888888884       0.20261461799094216     
   5.2525252525252523E-002   1.0000000000000000        0.0000000000000000     
  
   5.6565656565656569E-002   0.0000000000000000        0.0000000000000000     
   5.6565656565656569E-002  0.11111111111111110       0.19461662457905246     
   5.6565656565656569E-002  0.22222222222222221       0.36575961199839413     
   5.6565656565656569E-002  0.33333333333333331       0.49278659217376342     
   5.6565656565656569E-002  0.44444444444444442       0.56037623657744662     
   5.6565656565656569E-002  0.55555555555555558       0.56037623657744662     
   5.6565656565656569E-002  0.66666666666666663       0.49278659217376347     
   5.6565656565656569E-002  0.77777777777777768       0.36575961199839419     
   5.6565656565656569E-002  0.88888888888888884       0.19461662457905252     
   5.6565656565656569E-002   1.0000000000000000        0.0000000000000000     
  
   6.0606060606060608E-002   0.0000000000000000        0.0000000000000000     
   6.0606060606060608E-002  0.11111111111111110       0.18693434332678346     
   6.0606060606060608E-002  0.22222222222222221       0.35132164599127591     
   6.0606060606060608E-002  0.33333333333333331       0.47333437319393890     
   6.0606060606060608E-002  0.44444444444444442       0.53825598931805940     
   6.0606060606060608E-002  0.55555555555555558       0.53825598931805940     
   6.0606060606060608E-002  0.66666666666666663       0.47333437319393895     
   6.0606060606060608E-002  0.77777777777777768       0.35132164599127597     
   6.0606060606060608E-002  0.88888888888888884       0.18693434332678352     
   6.0606060606060608E-002   1.0000000000000000        0.0000000000000000     
  
   6.4646464646464646E-002   0.0000000000000000        0.0000000000000000     
   6.4646464646464646E-002  0.11111111111111110       0.17955531183730641     
   6.4646464646464646E-002  0.22222222222222221       0.33745360311285899     
   6.4646464646464646E-002  0.33333333333333331       0.45465000956823409     
   6.4646464646464646E-002  0.44444444444444442       0.51700891495016543     
   6.4646464646464646E-002  0.55555555555555558       0.51700891495016543     
   6.4646464646464646E-002  0.66666666666666663       0.45465000956823409     
   6.4646464646464646E-002  0.77777777777777768       0.33745360311285905     
   6.4646464646464646E-002  0.88888888888888884       0.17955531183730644     
   6.4646464646464646E-002   1.0000000000000000        0.0000000000000000     
  
   6.8686868686868685E-002   0.0000000000000000        0.0000000000000000     
   6.8686868686868685E-002  0.11111111111111110       0.17246755965345970     
   6.8686868686868685E-002  0.22222222222222221       0.32413298626261910     
   6.8686868686868685E-002  0.33333333333333331       0.43670319103510702     
   6.8686868686868685E-002  0.44444444444444442       0.49660054591607883     
   6.8686868686868685E-002  0.55555555555555558       0.49660054591607883     
   6.8686868686868685E-002  0.66666666666666663       0.43670319103510702     
   6.8686868686868685E-002  0.77777777777777768       0.32413298626261910     
   6.8686868686868685E-002  0.88888888888888884       0.17246755965345972     
   6.8686868686868685E-002   1.0000000000000000        0.0000000000000000     
  
   7.2727272727272724E-002   0.0000000000000000        0.0000000000000000     
   7.2727272727272724E-002  0.11111111111111110       0.16565958883896142     
   7.2727272727272724E-002  0.22222222222222221       0.31133818638879934     
   7.2727272727272724E-002  0.33333333333333331       0.41946480379788359     
   7.2727272727272724E-002  0.44444444444444442       0.47699777522776077     
   7.2727272727272724E-002  0.55555555555555558       0.47699777522776077     
   7.2727272727272724E-002  0.66666666666666663       0.41946480379788359     
   7.2727272727272724E-002  0.77777777777777768       0.31133818638879934     
   7.2727272727272724E-002  0.88888888888888884       0.16565958883896142     
   7.2727272727272724E-002   1.0000000000000000        0.0000000000000000     
  
   7.6767676767676762E-002   0.0000000000000000        0.0000000000000000     
   7.6767676767676762E-002  0.11111111111111110       0.15912035532615737     
   7.6767676767676762E-002  0.22222222222222221       0.29904844743364362     
   7.6767676767676762E-002  0.33333333333333331       0.40290688329559765     
   7.6767676767676762E-002  0.44444444444444442       0.45816880275980099     
   7.6767676767676762E-002  0.55555555555555558       0.45816880275980099     
   7.6767676767676762E-002  0.66666666666666663       0.40290688329559765     
   7.6767676767676762E-002  0.77777777777777768       0.29904844743364362     
   7.6767676767676762E-002  0.88888888888888884       0.15912035532615737     
   7.6767676767676762E-002   1.0000000000000000        0.0000000000000000     
  
   8.0808080808080801E-002   0.0000000000000000        0.0000000000000000     
   8.0808080808080801E-002  0.11111111111111110       0.15283925100004683     
   8.0808080808080801E-002  0.22222222222222221       0.28724383266237852     
   8.0808080808080801E-002  0.33333333333333331       0.38700256883815198     
   8.0808080808080801E-002  0.44444444444444442       0.44008308366242532     
   8.0808080808080801E-002  0.55555555555555558       0.44008308366242532     
   8.0808080808080801E-002  0.66666666666666663       0.38700256883815198     
   8.0808080808080801E-002  0.77777777777777768       0.28724383266237852     
   8.0808080808080801E-002  0.88888888888888884       0.15283925100004683     
   8.0808080808080801E-002   1.0000000000000000        0.0000000000000000     
  
   8.4848484848484854E-002   0.0000000000000000        0.0000000000000000     
   8.4848484848484854E-002  0.11111111111111110       0.14680608648952187     
   8.4848484848484854E-002  0.22222222222222221       0.27590519232132310     
   8.4848484848484854E-002  0.33333333333333331       0.37172606003220648     
   8.4848484848484854E-002  0.44444444444444442       0.42271127881084497     
   8.4848484848484854E-002  0.55555555555555558       0.42271127881084497     
   8.4848484848484854E-002  0.66666666666666663       0.37172606003220648     
   8.4848484848484854E-002  0.77777777777777768       0.27590519232132310     
   8.4848484848484854E-002  0.88888888888888884       0.14680608648952187     
   8.4848484848484854E-002   1.0000000000000000        0.0000000000000000     
  
   8.8888888888888892E-002   0.0000000000000000        0.0000000000000000     
   8.8888888888888892E-002  0.11111111111111110       0.14101107463790422     
   8.8888888888888892E-002  0.22222222222222221       0.26501413257265910     
   8.8888888888888892E-002  0.33333333333333331       0.35705257492710818     
   8.8888888888888892E-002  0.44444444444444442       0.40602520721056329     
   8.8888888888888892E-002  0.55555555555555558       0.40602520721056329     
   8.8888888888888892E-002  0.66666666666666663       0.35705257492710818     
   8.8888888888888892E-002  0.77777777777777768       0.26501413257265910     
   8.8888888888888892E-002  0.88888888888888884       0.14101107463790422     
   8.8888888888888892E-002   1.0000000000000000        0.0000000000000000     
  
   9.2929292929292931E-002   0.0000000000000000        0.0000000000000000     
   9.2929292929292931E-002  0.11111111111111110       0.13544481462596444     
   9.2929292929292931E-002  0.22222222222222221       0.25455298565546813     
   9.2929292929292931E-002  0.33333333333333331       0.34295830981296471     
   9.2929292929292931E-002  0.44444444444444442       0.38999780028143255     
   9.2929292929292931E-002  0.55555555555555558       0.38999780028143255     
   9.2929292929292931E-002  0.66666666666666663       0.34295830981296471     
   9.2929292929292931E-002  0.77777777777777768       0.25455298565546808     
   9.2929292929292931E-002  0.88888888888888884       0.13544481462596444     
   9.2929292929292931E-002   1.0000000000000000        0.0000000000000000     
  
   9.6969696969696970E-002   0.0000000000000000        0.0000000000000000     
   9.6969696969696970E-002  0.11111111111111110       0.13009827672166821     
   9.6969696969696970E-002  0.22222222222222221       0.24450478122462943     
   9.6969696969696970E-002  0.33333333333333331       0.32942040060564620     
   9.6969696969696970E-002  0.44444444444444442       0.37460305794629761     
   9.6969696969696970E-002  0.55555555555555558       0.37460305794629761     
   9.6969696969696970E-002  0.66666666666666663       0.32942040060564620     
   9.6969696969696970E-002  0.77777777777777768       0.24450478122462943     
   9.6969696969696970E-002  0.88888888888888884       0.13009827672166818     
   9.6969696969696970E-002   1.0000000000000000        0.0000000000000000     
  
  0.10101010101010101        0.0000000000000000        0.0000000000000000     
  0.10101010101010101       0.11111111111111110       0.12496278763190956     
  0.10101010101010101       0.22222222222222221       0.23485321882108398     
  0.10101010101010101       0.33333333333333331       0.31641688575607207     
  0.10101010101010101       0.44444444444444442       0.35981600645299350     
  0.10101010101010101       0.55555555555555558       0.35981600645299350     
  0.10101010101010101       0.66666666666666663       0.31641688575607207     
  0.10101010101010101       0.77777777777777768       0.23485321882108395     
  0.10101010101010101       0.88888888888888884       0.12496278763190954     
  0.10101010101010101        1.0000000000000000        0.0000000000000000     
  
  0.10505050505050505        0.0000000000000000        0.0000000000000000     
  0.10505050505050505       0.11111111111111110       0.12003001643246897     
  0.10505050505050505       0.22222222222222221       0.22558264142880483     
  0.10505050505050505       0.33333333333333331       0.30392667062361389     
  0.10505050505050505       0.44444444444444442       0.34561265786127376     
  0.10505050505050505       0.55555555555555558       0.34561265786127376     
  0.10505050505050505       0.66666666666666663       0.30392667062361389     
  0.10505050505050505       0.77777777777777768       0.22558264142880480     
  0.10505050505050505       0.88888888888888884       0.12003001643246895     
  0.10505050505050505        1.0000000000000000        0.0000000000000000     
  
  0.10909090909090909        0.0000000000000000        0.0000000000000000     
  0.10909090909090909       0.11111111111111110       0.11529196105337086     
  0.10909090909090909       0.22222222222222221       0.21667801007557788     
  0.10909090909090909       0.33333333333333331       0.29192949325581963     
  0.10909090909090909       0.44444444444444442       0.33196997112894872     
  0.10909090909090909       0.55555555555555558       0.33196997112894872     
  0.10909090909090909       0.66666666666666663       0.29192949325581963     
  0.10909090909090909       0.77777777777777768       0.21667801007557785     
  0.10909090909090909       0.88888888888888884       0.11529196105337085     
  0.10909090909090909        1.0000000000000000        0.0000000000000000     
  
  0.11313131313131314        0.0000000000000000        0.0000000000000000     
  0.11313131313131314       0.11111111111111110       0.11074093529771724     
  0.11313131313131314       0.22222222222222221       0.20812487943638924     
  0.11313131313131314       0.33333333333333331       0.28040589151894640     
  0.11313131313131314       0.44444444444444442       0.31886581473410647     
  0.11313131313131314       0.55555555555555558       0.31886581473410647     
  0.11313131313131314       0.66666666666666663       0.28040589151894640     
  0.11313131313131314       0.77777777777777768       0.20812487943638924     
  0.11313131313131314       0.88888888888888884       0.11074093529771722     
  0.11313131313131314        1.0000000000000000        0.0000000000000000     
  
  0.11717171717171718        0.0000000000000000        0.0000000000000000     
  0.11717171717171718       0.11111111111111110       0.10636955637293879     
  0.11717171717171718       0.22222222222222221       0.19990937439984258     
  0.11717171717171718       0.33333333333333331       0.26933717152598008     
  0.11717171717171718       0.44444444444444442       0.30627893077278134     
  0.11717171717171718       0.55555555555555558       0.30627893077278134     
  0.11717171717171718       0.66666666666666663       0.26933717152598008     
  0.11717171717171718       0.77777777777777768       0.19990937439984258     
  0.11717171717171718       0.88888888888888884       0.10636955637293879     
  0.11717171717171718        1.0000000000000000        0.0000000000000000     
  
  0.12121212121212122        0.0000000000000000        0.0000000000000000     
  0.12121212121212122       0.11111111111111110       0.10217073291423642     
  0.12121212121212122       0.22222222222222221       0.19201816755959181     
  0.12121212121212122       0.33333333333333331       0.25870537731092458     
  0.12121212121212122       0.44444444444444442       0.29418890047382817     
  0.12121212121212122       0.55555555555555558       0.29418890047382817     
  0.12121212121212122       0.66666666666666663       0.25870537731092458     
  0.12121212121212122       0.77777777777777768       0.19201816755959178     
  0.12121212121212122       0.88888888888888884       0.10217073291423642     
  0.12121212121212122        1.0000000000000000        0.0000000000000000     
  
  0.12525252525252525        0.0000000000000000        0.0000000000000000     
  0.12525252525252525       0.11111111111111110        9.8137653480784445E-002
  0.12525252525252525       0.22222222222222221       0.18443845759427532     
  0.12525252525252525       0.33333333333333331       0.24849326170016595     
  0.12525252525252525       0.44444444444444442       0.28257611107505970     
  0.12525252525252525       0.55555555555555558       0.28257611107505970     
  0.12525252525252525       0.66666666666666663       0.24849326170016592     
  0.12525252525252525       0.77777777777777768       0.18443845759427530     
  0.12525252525252525       0.88888888888888884        9.8137653480784431E-002
  0.12525252525252525        1.0000000000000000        0.0000000000000000     
  
  0.12929292929292929        0.0000000000000000        0.0000000000000000     
  0.12929292929292929       0.11111111111111110        9.4263775506033820E-002
  0.12929292929292929       0.22222222222222221       0.17715794850087888     
  0.12929292929292929       0.33333333333333331       0.23868425833365789     
  0.12929292929292929       0.44444444444444442       0.27142172400691267     
  0.12929292929292929       0.55555555555555558       0.27142172400691267     
  0.12929292929292929       0.66666666666666663       0.23868425833365786     
  0.12929292929292929       0.77777777777777768       0.17715794850087885     
  0.12929292929292929       0.88888888888888884        9.4263775506033806E-002
  0.12929292929292929        1.0000000000000000        0.0000000000000000     
  
  0.13333333333333333        0.0000000000000000        0.0000000000000000     
  0.13333333333333333       0.11111111111111110        9.0542814684190231E-002
  0.13333333333333333       0.22222222222222221       0.17016482964783908     
  0.13333333333333333       0.33333333333333331       0.22926245479054086     
  0.13333333333333333       0.44444444444444442       0.26070764433202931     
  0.13333333333333333       0.55555555555555558       0.26070764433202925     
  0.13333333333333333       0.66666666666666663       0.22926245479054086     
  0.13333333333333333       0.77777777777777768       0.17016482964783905     
  0.13333333333333333       0.88888888888888884        9.0542814684190204E-002
  0.13333333333333333        1.0000000000000000        0.0000000000000000     
  
  0.13737373737373737        0.0000000000000000        0.0000000000000000     
  0.13737373737373737       0.11111111111111110        8.6968734775649412E-002
  0.13737373737373737       0.22222222222222221       0.16344775661552913     
  0.13737373737373737       0.33333333333333331       0.22021256677559831     
  0.13737373737373737       0.44444444444444442       0.25041649139117850     
  0.13737373737373737       0.55555555555555558       0.25041649139117850     
  0.13737373737373737       0.66666666666666663       0.22021256677559831     
  0.13737373737373737       0.77777777777777768       0.16344775661552910     
  0.13737373737373737       0.88888888888888884        8.6968734775649398E-002
  0.13737373737373737        1.0000000000000000        0.0000000000000000     
  
  0.14141414141414141        0.0000000000000000        0.0000000000000000     
  0.14141414141414141       0.11111111111111110        8.3535737814852060E-002
  0.14141414141414141       0.22222222222222221       0.15699583279304569     
  0.14141414141414141       0.33333333333333331       0.21151991332467462     
  0.14141414141414141       0.44444444444444442       0.24053157060789770     
  0.14141414141414141       0.55555555555555558       0.24053157060789770     
  0.14141414141414141       0.66666666666666663       0.21151991332467462     
  0.14141414141414141       0.77777777777777768       0.15699583279304566     
  0.14141414141414141       0.88888888888888884        8.3535737814852046E-002
  0.14141414141414141        1.0000000000000000        0.0000000000000000     
  
  0.14545454545454545        0.0000000000000000        0.0000000000000000     
  0.14545454545454545       0.11111111111111110        8.0238254704672940E-002
  0.14545454545454545       0.22222222222222221       0.15079859170144269     
  0.14545454545454545       0.33333333333333331       0.20317039298883272     
  0.14545454545454545       0.44444444444444442       0.23103684640611560     
  0.14545454545454545       0.55555555555555558       0.23103684640611560     
  0.14545454545454545       0.66666666666666663       0.20317039298883269     
  0.14545454545454545       0.77777777777777768       0.15079859170144269     
  0.14545454545454545       0.88888888888888884        8.0238254704672926E-002
  0.14545454545454545        1.0000000000000000        0.0000000000000000     
  
  0.14949494949494949        0.0000000000000000        0.0000000000000000     
  0.14949494949494949       0.11111111111111110        7.7070936182086436E-002
  0.14949494949494949       0.22222222222222221       0.14484598001473659     
  0.14949494949494949       0.33333333333333331       0.19515046095861582     
  0.14949494949494949       0.44444444444444442       0.22191691619682302     
  0.14949494949494949       0.55555555555555558       0.22191691619682299     
  0.14949494949494949       0.66666666666666663       0.19515046095861582     
  0.14949494949494949       0.77777777777777768       0.14484598001473659     
  0.14949494949494949       0.88888888888888884        7.7070936182086436E-002
  0.14949494949494949        1.0000000000000000        0.0000000000000000     
  
  0.15353535353535352        0.0000000000000000        0.0000000000000000     
  0.15353535353535352       0.11111111111111110        7.4028644140452737E-002
  0.15353535353535352       0.22222222222222221       0.13912834125113882     
  0.15353535353535352       0.33333333333333331       0.18744710709130497     
  0.15353535353535352       0.44444444444444442       0.21315698539159156     
  0.15353535353535352       0.55555555555555558       0.21315698539159156     
  0.15353535353535352       0.66666666666666663       0.18744710709130497     
  0.15353535353535352       0.77777777777777768       0.13912834125113882     
  0.15353535353535352       0.88888888888888884        7.4028644140452737E-002
  0.15353535353535352        1.0000000000000000        0.0000000000000000     
  
  0.15757575757575756        0.0000000000000000        0.0000000000000000     
  0.15757575757575756       0.11111111111111110        7.1106443294347288E-002
  0.15757575757575756       0.22222222222222221       0.13363640010805958     
  0.15757575757575756       0.33333333333333331       0.18004783480552619     
  0.15757575757575756       0.44444444444444442       0.20474284340240687     
  0.15757575757575756       0.55555555555555558       0.20474284340240687     
  0.15757575757575756       0.66666666666666663       0.18004783480552619     
  0.15757575757575756       0.77777777777777768       0.13363640010805958     
  0.15757575757575756       0.88888888888888884        7.1106443294347288E-002
  0.15757575757575756        1.0000000000000000        0.0000000000000000     
  
  0.16161616161616160        0.0000000000000000        0.0000000000000000     
  0.16161616161616160       0.11111111111111110        6.8299593173412193E-002
  0.16161616161616160       0.22222222222222221       0.12836124741547009     
  0.16161616161616160       0.33333333333333331       0.17294064080897079     
  0.16161616161616160       0.44444444444444442       0.19666084058888228     
  0.16161616161616160       0.55555555555555558       0.19666084058888228     
  0.16161616161616160       0.66666666666666663       0.17294064080897079     
  0.16161616161616160       0.77777777777777768       0.12836124741547009     
  0.16161616161616160       0.88888888888888884        6.8299593173412193E-002
  0.16161616161616160        1.0000000000000000        0.0000000000000000     
  
  0.16565656565656567        0.0000000000000000        0.0000000000000000     
  0.16565656565656567       0.11111111111111110        6.5603540432241689E-002
  0.16565656565656567       0.22222222222222221       0.12329432568321501     
  0.16565656565656567       0.33333333333333331       0.16611399562634160     
  0.16565656565656567       0.44444444444444442       0.18889786611545670     
  0.16565656565656567       0.55555555555555558       0.18889786611545670     
  0.16565656565656567       0.66666666666666663       0.16611399562634160     
  0.16565656565656567       0.77777777777777768       0.12329432568321501     
  0.16565656565656567       0.88888888888888884        6.5603540432241689E-002
  0.16565656565656567        1.0000000000000000        0.0000000000000000     
  
  0.16969696969696971        0.0000000000000000        0.0000000000000000     
  0.16969696969696971       0.11111111111111110        6.3013911463826580E-002
  0.16969696969696971       0.22222222222222221       0.11842741521882881     
  0.16969696969696971       0.33333333333333331       0.15955682489593784     
  0.16969696969696971       0.44444444444444442       0.18144132668265539     
  0.16969696969696971       0.55555555555555558       0.18144132668265539     
  0.16969696969696971       0.66666666666666663       0.15955682489593784     
  0.16969696969696971       0.77777777777777768       0.11842741521882880     
  0.16969696969696971       0.88888888888888884        6.3013911463826580E-002
  0.16969696969696971        1.0000000000000000        0.0000000000000000     
  
  0.17373737373737375        0.0000000000000000        0.0000000000000000     
  0.17373737373737375       0.11111111111111110        6.0526505304574978E-002
  0.17373737373737375       0.22222222222222221       0.11375262079333649     
  0.17373737373737375       0.33333333333333331       0.15325849140453698     
  0.17373737373737375       0.44444444444444442       0.17427912609791146     
  0.17373737373737375       0.55555555555555558       0.17427912609791146     
  0.17373737373737375       0.66666666666666663       0.15325849140453698     
  0.17373737373737375       0.77777777777777768       0.11375262079333648     
  0.17373737373737375       0.88888888888888884        6.0526505304574971E-002
  0.17373737373737375        1.0000000000000000        0.0000000000000000     
  
  0.17777777777777778        0.0000000000000000        0.0000000000000000     
  0.17777777777777778       0.11111111111111110        5.8137286819399663E-002
  0.17777777777777778       0.22222222222222221       0.10926235883340743     
  0.17777777777777778       0.33333333333333331       0.14720877783143030     
  0.17777777777777778       0.44444444444444442       0.16739964565280710     
  0.17777777777777778       0.55555555555555558       0.16739964565280710     
  0.17777777777777778       0.66666666666666663       0.14720877783143027     
  0.17777777777777778       0.77777777777777768       0.10926235883340743     
  0.17777777777777778       0.88888888888888884        5.8137286819399656E-002
  0.17777777777777778        1.0000000000000000        0.0000000000000000     
  
  0.18181818181818182        0.0000000000000000        0.0000000000000000     
  0.18181818181818182       0.11111111111111110        5.5842380155816863E-002
  0.18181818181818182       0.22222222222222221       0.10494934511908510     
  0.18181818181818182       0.33333333333333331       0.14139787017361885     
  0.18181818181818182       0.44444444444444442       0.16079172527490196     
  0.18181818181818182       0.55555555555555558       0.16079172527490196     
  0.18181818181818182       0.66666666666666663       0.14139787017361885     
  0.18181818181818182       0.77777777777777768       0.10494934511908509     
  0.18181818181818182       0.88888888888888884        5.5842380155816856E-002
  0.18181818181818182        1.0000000000000000        0.0000000000000000     
  
  0.18585858585858586        0.0000000000000000        0.0000000000000000     
  0.18585858585858586       0.11111111111111110        5.3638062456437312E-002
  0.18585858585858586       0.22222222222222221       0.10080658296713563     
  0.18585858585858586       0.33333333333333331       0.13581634182528227     
  0.18585858585858586       0.44444444444444442       0.15444464542357295     
  0.18585858585858586       0.55555555555555558       0.15444464542357295     
  0.18585858585858586       0.66666666666666663       0.13581634182528227     
  0.18585858585858586       0.77777777777777768       0.10080658296713563     
  0.18585858585858586       0.88888888888888884        5.3638062456437305E-002
  0.18585858585858586        1.0000000000000000        0.0000000000000000     
  
  0.18989898989898990        0.0000000000000000        0.0000000000000000     
  0.18989898989898990       0.11111111111111110        5.1520757819650001E-002
  0.18989898989898990       0.22222222222222221        9.6827351880845985E-002
  0.18989898989898990       0.33333333333333331       0.13045513828569305     
  0.18989898989898990       0.44444444444444442       0.14834810970049600     
  0.18989898989898990       0.55555555555555558       0.14834810970049600     
  0.18989898989898990       0.66666666666666663       0.13045513828569305     
  0.18989898989898990       0.77777777777777768        9.6827351880845985E-002
  0.18989898989898990       0.88888888888888884        5.1520757819650001E-002
  0.18989898989898990        1.0000000000000000        0.0000000000000000     
  
  0.19393939393939394        0.0000000000000000        0.0000000000000000     
  0.19393939393939394       0.11111111111111110        4.9487031498701414E-002
  0.19393939393939394       0.22222222222222221        9.3005196647859070E-002
  0.19393939393939394       0.33333333333333331       0.12530556247076952     
  0.19393939393939394       0.44444444444444442       0.14249222814656048     
  0.19393939393939394       0.55555555555555558       0.14249222814656048     
  0.19393939393939394       0.66666666666666663       0.12530556247076952     
  0.19393939393939394       0.77777777777777768        9.3005196647859056E-002
  0.19393939393939394       0.88888888888888884        4.9487031498701414E-002
  0.19393939393939394        1.0000000000000000        0.0000000000000000     
  
  0.19797979797979798        0.0000000000000000        0.0000000000000000     
  0.19797979797979798       0.11111111111111110        4.7533584329759820E-002
  0.19797979797979798       0.22222222222222221        8.9333916868359980E-002
  0.19797979797979798       0.33333333333333331       0.12035926060443951     
  0.19797979797979798       0.44444444444444442       0.13686750119811980     
  0.19797979797979798       0.55555555555555558       0.13686750119811980     
  0.19797979797979798       0.66666666666666663       0.12035926060443949     
  0.19797979797979798       0.77777777777777768        8.9333916868359980E-002
  0.19797979797979798       0.88888888888888884        4.7533584329759813E-002
  0.19797979797979798        1.0000000000000000        0.0000000000000000     
  
  0.20202020202020202        0.0000000000000000        0.0000000000000000     
  0.20202020202020202       0.11111111111111110        4.5657247379925749E-002
  0.20202020202020202       0.22222222222222221        8.5807556896625961E-002
  0.20202020202020202       0.33333333333333331       0.11560820866692703     
  0.20202020202020202       0.44444444444444442       0.13146480427655172     
  0.20202020202020202       0.55555555555555558       0.13146480427655169     
  0.20202020202020202       0.66666666666666663       0.11560820866692703     
  0.20202020202020202       0.77777777777777768        8.5807556896625947E-002
  0.20202020202020202       0.88888888888888884        4.5657247379925749E-002
  0.20202020202020202        1.0000000000000000        0.0000000000000000     
  
  0.20606060606060606        0.0000000000000000        0.0000000000000000     
  0.20606060606060606       0.11111111111111110        4.3854976806506483E-002
  0.20606060606060606       0.22222222222222221        8.2420396179622601E-002
  0.20606060606060606       0.33333333333333331       0.11104469937797840     
  0.20606060606060606       0.44444444444444442       0.12627537298612909     
  0.20606060606060606       0.55555555555555558       0.12627537298612909     
  0.20606060606060606       0.66666666666666663       0.11104469937797838     
  0.20606060606060606       0.77777777777777768        8.2420396179622601E-002
  0.20606060606060606       0.88888888888888884        4.3854976806506477E-002
  0.20606060606060606        1.0000000000000000        0.0000000000000000     
  
  0.21010101010101009        0.0000000000000000        0.0000000000000000     
  0.21010101010101009       0.11111111111111110        4.2123848919215091E-002
  0.21010101010101009       0.22222222222222221        7.9166939976973771E-002
  0.21010101010101009       0.33333333333333331       0.10666132969391127     
  0.21010101010101009       0.44444444444444442       0.12129078889618887     
  0.21010101010101009       0.55555555555555558       0.12129078889618887     
  0.21010101010101009       0.66666666666666663       0.10666132969391126     
  0.21010101010101009       0.77777777777777768        7.9166939976973758E-002
  0.21010101010101009       0.88888888888888884        4.2123848919215091E-002
  0.21010101010101009        1.0000000000000000        0.0000000000000000     
  
  0.21414141414141413        0.0000000000000000        0.0000000000000000     
  0.21414141414141413       0.11111111111111110        4.0461055437283899E-002
  0.21414141414141413       0.22222222222222221        7.6041910447250477E-002
  0.21414141414141413       0.33333333333333331       0.10245098879820440     
  0.21414141414141413       0.44444444444444442       0.11650296588453439     
  0.21414141414141413       0.55555555555555558       0.11650296588453438     
  0.21414141414141413       0.66666666666666663       0.10245098879820438     
  0.21414141414141413       0.77777777777777768        7.6041910447250463E-002
  0.21414141414141413       0.88888888888888884        4.0461055437283899E-002
  0.21414141414141413        1.0000000000000000        0.0000000000000000     
  
  0.21818181818181817        0.0000000000000000        0.0000000000000000     
  0.21818181818181817       0.11111111111111110        3.8863898933798227E-002
  0.21818181818181817       0.22222222222222221        7.3040238086119064E-002
  0.21818181818181817       0.33333333333333331        9.8406846566145650E-002
  0.21818181818181817       0.44444444444444442       0.11190413701991730     
  0.21818181818181817       0.55555555555555558       0.11190413701991729     
  0.21818181818181817       0.66666666666666663        9.8406846566145637E-002
  0.21818181818181817       0.77777777777777768        7.3040238086119050E-002
  0.21818181818181817       0.88888888888888884        3.8863898933798227E-002
  0.21818181818181817        1.0000000000000000        0.0000000000000000     
  
  0.22222222222222221        0.0000000000000000        0.0000000000000000     
  0.22222222222222221       0.11111111111111110        3.7329788459860173E-002
  0.22222222222222221       0.22222222222222221        7.0157053502459127E-002
  0.22222222222222221       0.33333333333333331        9.4522342484825855E-002
  0.22222222222222221       0.44444444444444442       0.10748684196231931     
  0.22222222222222221       0.55555555555555558       0.10748684196231931     
  0.22222222222222221       0.66666666666666663        9.4522342484825841E-002
  0.22222222222222221       0.77777777777777768        7.0157053502459113E-002
  0.22222222222222221       0.88888888888888884        3.7329788459860166E-002
  0.22222222222222221        1.0000000000000000        0.0000000000000000     
  
  0.22626262626262628        0.0000000000000000        0.0000000000000000     
  0.22626262626262628       0.11111111111111110        3.5856235341483772E-002
  0.22626262626262628       0.22222222222222221        6.7387679519110399E-002
  0.22626262626262628       0.33333333333333331        9.0791175010503697E-002
  0.22626262626262628       0.44444444444444442       0.10324391486059417     
  0.22626262626262628       0.55555555555555558       0.10324391486059417     
  0.22626262626262628       0.66666666666666663        9.0791175010503683E-002
  0.22626262626262628       0.77777777777777768        6.7387679519110386E-002
  0.22626262626262628       0.88888888888888884        3.5856235341483765E-002
  0.22626262626262628        1.0000000000000000        0.0000000000000000     
  
  0.23030303030303031        0.0000000000000000        0.0000000000000000     
  0.23030303030303031       0.11111111111111110        3.4440849142403251E-002
  0.23030303030303031       0.22222222222222221        6.4727623585434033E-002
  0.23030303030303031       0.33333333333333331        8.7207291346077312E-002
  0.23030303030303031       0.44444444444444442        9.9168472727837284E-002
  0.23030303030303031       0.55555555555555558        9.9168472727837284E-002
  0.23030303030303031       0.66666666666666663        8.7207291346077312E-002
  0.23030303030303031       0.77777777777777768        6.4727623585434033E-002
  0.23030303030303031       0.88888888888888884        3.4440849142403245E-002
  0.23030303030303031        1.0000000000000000        0.0000000000000000     
  
  0.23434343434343435        0.0000000000000000        0.0000000000000000     
  0.23434343434343435       0.11111111111111110        3.3081333786244990E-002
  0.23434343434343435       0.22222222222222221        6.2172570489379943E-002
  0.23434343434343435       0.33333333333333331        8.3764877622079140E-002
  0.23434343434343435       0.44444444444444442        9.5253904275624926E-002
  0.23434343434343435       0.55555555555555558        9.5253904275624926E-002
  0.23434343434343435       0.66666666666666663        8.3764877622079140E-002
  0.23434343434343435       0.77777777777777768        6.2172570489379943E-002
  0.23434343434343435       0.88888888888888884        3.3081333786244983E-002
  0.23434343434343435        1.0000000000000000        0.0000000000000000     
  
  0.23838383838383839        0.0000000000000000        0.0000000000000000     
  0.23838383838383839       0.11111111111111110        3.1775483831772616E-002
  0.23838383838383839       0.22222222222222221        5.9718375357237334E-002
  0.23838383838383839       0.33333333333333331        8.0458349465265297E-002
  0.23838383838383839       0.44444444444444442        9.1493859189009943E-002
  0.23838383838383839       0.55555555555555558        9.1493859189009943E-002
  0.23838383838383839       0.66666666666666663        8.0458349465265297E-002
  0.23838383838383839       0.77777777777777768        5.9718375357237334E-002
  0.23838383838383839       0.88888888888888884        3.1775483831772609E-002
  0.23838383838383839        1.0000000000000000        0.0000000000000000     
  
  0.24242424242424243        0.0000000000000000        0.0000000000000000     
  0.24242424242424243       0.11111111111111110        3.0521180895162758E-002
  0.24242424242424243       0.22222222222222221        5.7361056929712578E-002
  0.24242424242424243       0.33333333333333331        7.7282342939499843E-002
  0.24242424242424243       0.44444444444444442        8.7882237824875337E-002
  0.24242424242424243       0.55555555555555558        8.7882237824875337E-002
  0.24242424242424243       0.66666666666666663        7.7282342939499857E-002
  0.24242424242424243       0.77777777777777768        5.7361056929712571E-002
  0.24242424242424243       0.88888888888888884        3.0521180895162755E-002
  0.24242424242424243        1.0000000000000000        0.0000000000000000     
  
  0.24646464646464647        0.0000000000000000        0.0000000000000000     
  0.24646464646464647       0.11111111111111110        2.9316390213507616E-002
  0.24646464646464647       0.22222222222222221        5.5096791103426648E-002
  0.24646464646464647       0.33333333333333331        7.4231705844237814E-002
  0.24646464646464647       0.44444444444444442        8.4413181316934260E-002
  0.24646464646464647       0.55555555555555558        8.4413181316934274E-002
  0.24646464646464647       0.66666666666666663        7.4231705844237814E-002
  0.24646464646464647       0.77777777777777768        5.5096791103426655E-002
  0.24646464646464647       0.88888888888888884        2.9316390213507612E-002
  0.24646464646464647        1.0000000000000000        0.0000000000000000     
  
  0.25050505050505051        0.0000000000000000        0.0000000000000000     
  0.25050505050505051       0.11111111111111110        2.8159157343969534E-002
  0.25050505050505051       0.22222222222222221        5.2921904727354981E-002
  0.25050505050505051       0.33333333333333331        7.1301489356491179E-002
  0.25050505050505051       0.44444444444444442        8.1081062071324525E-002
  0.25050505050505051       0.55555555555555558        8.1081062071324525E-002
  0.25050505050505051       0.66666666666666663        7.1301489356491193E-002
  0.25050505050505051       0.77777777777777768        5.2921904727354988E-002
  0.25050505050505051       0.88888888888888884        2.8159157343969534E-002
  0.25050505050505051        1.0000000000000000        0.0000000000000000     
  
  0.25454545454545452        0.0000000000000000        0.0000000000000000     
  0.25454545454545452       0.11111111111111110        2.7047604993232922E-002
  0.25454545454545452       0.22222222222222221        5.0832869644146135E-002
  0.25454545454545452       0.33333333333333331        6.8486940002719335E-002
  0.25454545454545452       0.44444444444444442        7.7880474637379071E-002
  0.25454545454545452       0.55555555555555558        7.7880474637379071E-002
  0.25454545454545452       0.66666666666666663        6.8486940002719349E-002
  0.25454545454545452       0.77777777777777768        5.0832869644146142E-002
  0.25454545454545452       0.88888888888888884        2.7047604993232926E-002
  0.25454545454545452        1.0000000000000000        0.0000000000000000     
  
  0.25858585858585859        0.0000000000000000        0.0000000000000000     
  0.25858585858585859       0.11111111111111110        2.5979929972110107E-002
  0.25858585858585859       0.22222222222222221        4.8826296966653041E-002
  0.25858585858585859       0.33333333333333331        6.5783491947620384E-002
  0.25858585858585859       0.44444444444444442        7.4806226938763154E-002
  0.25858585858585859       0.55555555555555558        7.4806226938763168E-002
  0.25858585858585859       0.66666666666666663        6.5783491947620384E-002
  0.25858585858585859       0.77777777777777768        4.8826296966653047E-002
  0.25858585858585859       0.88888888888888884        2.5979929972110113E-002
  0.25858585858585859        1.0000000000000000        0.0000000000000000     
  
  0.26262626262626265        0.0000000000000000        0.0000000000000000     
  0.26262626262626265       0.11111111111111110        2.4954400270360850E-002
  0.26262626262626265       0.22222222222222221        4.6898931580391941E-002
  0.26262626262626265       0.33333333333333331        6.3186759587314165E-002
  0.26262626262626265       0.44444444444444442        7.1853331850752794E-002
  0.26262626262626265       0.55555555555555558        7.1853331850752794E-002
  0.26262626262626265       0.66666666666666663        6.3186759587314165E-002
  0.26262626262626265       0.77777777777777768        4.6898931580391941E-002
  0.26262626262626265       0.88888888888888884        2.4954400270360853E-002
  0.26262626262626265        1.0000000000000000        0.0000000000000000     
  
  0.26666666666666666        0.0000000000000000        0.0000000000000000     
  0.26666666666666666       0.11111111111111110        2.3969352246980203E-002
  0.26666666666666666       0.22222222222222221        4.5047646863010854E-002
  0.26666666666666666       0.33333333333333331        6.0692530434901353E-002
  0.26666666666666666       0.44444444444444442        6.9016999109991067E-002
  0.26666666666666666       0.55555555555555558        6.9016999109991067E-002
  0.26666666666666666       0.66666666666666663        6.0692530434901353E-002
  0.26666666666666666       0.77777777777777768        4.5047646863010854E-002
  0.26666666666666666       0.88888888888888884        2.3969352246980203E-002
  0.26666666666666666        1.0000000000000000        0.0000000000000000     
  
  0.27070707070707073        0.0000000000000000        0.0000000000000000     
  0.27070707070707073       0.11111111111111110        2.3023187931396714E-002
  0.27070707070707073       0.22222222222222221        4.3269439612201352E-002
  0.27070707070707073       0.33333333333333331        5.8296758286857459E-002
  0.27070707070707073       0.44444444444444442        6.6292627543598076E-002
  0.27070707070707073       0.55555555555555558        6.6292627543598076E-002
  0.27070707070707073       0.66666666666666663        5.8296758286857459E-002
  0.27070707070707073       0.77777777777777768        4.3269439612201352E-002
  0.27070707070707073       0.88888888888888884        2.3023187931396714E-002
  0.27070707070707073        1.0000000000000000        0.0000000000000000     
  
  0.27474747474747474        0.0000000000000000        0.0000000000000000     
  0.27474747474747474       0.11111111111111110        2.2114372431202945E-002
  0.27474747474747474       0.22222222222222221        4.1561425173825467E-002
  0.27474747474747474       0.33333333333333331        5.5995556659176028E-002
  0.27474747474747474       0.44444444444444442        6.3675797605028422E-002
  0.27474747474747474       0.55555555555555558        6.3675797605028422E-002
  0.27474747474747474       0.66666666666666663        5.5995556659176028E-002
  0.27474747474747474       0.77777777777777768        4.1561425173825467E-002
  0.27474747474747474       0.88888888888888884        2.2114372431202945E-002
  0.27474747474747474        1.0000000000000000        0.0000000000000000     
  
  0.27878787878787881        0.0000000000000000        0.0000000000000000     
  0.27878787878787881       0.11111111111111110        2.1241431442212990E-002
  0.27878787878787881       0.22222222222222221        3.9920832762354641E-002
  0.27878787878787881       0.33333333333333331        5.3785192482612994E-002
  0.27878787878787881       0.44444444444444442        6.1162264204567642E-002
  0.27878787878787881       0.55555555555555558        6.1162264204567635E-002
  0.27878787878787881       0.66666666666666663        5.3785192482612994E-002
  0.27878787878787881       0.77777777777777768        3.9920832762354641E-002
  0.27878787878787881       0.88888888888888884        2.1241431442212990E-002
  0.27878787878787881        1.0000000000000000        0.0000000000000000     
  
  0.28282828282828282        0.0000000000000000        0.0000000000000000     
  0.28282828282828282       0.11111111111111110        2.0402948856807823E-002
  0.28282828282828282       0.22222222222222221        3.8345000966029198E-002
  0.28282828282828282       0.33333333333333331        5.1662080046804511E-002
  0.28282828282828282       0.44444444444444442        5.8747949822837028E-002
  0.28282828282828282       0.55555555555555558        5.8747949822837028E-002
  0.28282828282828282       0.66666666666666663        5.1662080046804504E-002
  0.28282828282828282       0.77777777777777768        3.8345000966029198E-002
  0.28282828282828282       0.88888888888888884        2.0402948856807823E-002
  0.28282828282828282        1.0000000000000000        0.0000000000000000     
  
  0.28686868686868688        0.0000000000000000        0.0000000000000000     
  0.28686868686868688       0.11111111111111110        1.9597564466688623E-002
  0.28686868686868688       0.22222222222222221        3.6831373429446854E-002
  0.28686868686868688       0.33333333333333331        4.9622775183434144E-002
  0.28686868686868688       0.44444444444444442        5.6428937896135477E-002
  0.28686868686868688       0.55555555555555558        5.6428937896135477E-002
  0.28686868686868688       0.66666666666666663        4.9622775183434137E-002
  0.28686868686868688       0.77777777777777768        3.6831373429446847E-002
  0.28686868686868688       0.88888888888888884        1.9597564466688623E-002
  0.28686868686868688        1.0000000000000000        0.0000000000000000     
  
  0.29090909090909089        0.0000000000000000        0.0000000000000000     
  0.29090909090909089       0.11111111111111110        1.8823971756311404E-002
  0.29090909090909089       0.22222222222222221        3.5377494706576362E-002
  0.29090909090909089       0.33333333333333331        4.7663969679013284E-002
  0.29090909090909089       0.44444444444444442        5.4201466462887767E-002
  0.29090909090909089       0.55555555555555558        5.4201466462887767E-002
  0.29090909090909089       0.66666666666666663        4.7663969679013284E-002
  0.29090909090909089       0.77777777777777768        3.5377494706576362E-002
  0.29090909090909089       0.88888888888888884        1.8823971756311401E-002
  0.29090909090909089        1.0000000000000000        0.0000000000000000     
  
  0.29494949494949496        0.0000000000000000        0.0000000000000000     
  0.29494949494949496       0.11111111111111110        1.8080915783423475E-002
  0.29494949494949496       0.22222222222222221        3.3981006277469007E-002
  0.29494949494949496       0.33333333333333331        4.5782485908211032E-002
  0.29494949494949496       0.44444444444444442        5.2061922060892482E-002
  0.29494949494949496       0.55555555555555558        5.2061922060892482E-002
  0.29494949494949496       0.66666666666666663        4.5782485908211032E-002
  0.29494949494949496       0.77777777777777768        3.3981006277469000E-002
  0.29494949494949496       0.88888888888888884        1.8080915783423475E-002
  0.29494949494949496        1.0000000000000000        0.0000000000000000     
  
  0.29898989898989897        0.0000000000000000        0.0000000000000000     
  0.29898989898989897       0.11111111111111110        1.7367191143263423E-002
  0.29898989898989897       0.22222222222222221        3.2639642722206041E-002
  0.29898989898989897       0.33333333333333331        4.3975271679027574E-002
  0.29898989898989897       0.44444444444444442        5.0006833865469461E-002
  0.29898989898989897       0.55555555555555558        5.0006833865469461E-002
  0.29898989898989897       0.66666666666666663        4.3975271679027567E-002
  0.29898989898989897       0.77777777777777768        3.2639642722206041E-002
  0.29898989898989897       0.88888888888888884        1.7367191143263419E-002
  0.29898989898989897        1.0000000000000000        0.0000000000000000     
  
  0.30303030303030304        0.0000000000000000        0.0000000000000000     
  0.30303030303030304       0.11111111111111110        1.6681640013122067E-002
  0.30303030303030304       0.22222222222222221        3.1351228045875507E-002
  0.30303030303030304       0.33333333333333331        4.2239395281448780E-002
  0.30303030303030304       0.44444444444444442        4.8032868058997570E-002
  0.30303030303030304       0.55555555555555558        4.8032868058997570E-002
  0.30303030303030304       0.66666666666666663        4.2239395281448780E-002
  0.30303030303030304       0.77777777777777768        3.1351228045875500E-002
  0.30303030303030304       0.88888888888888884        1.6681640013122067E-002
  0.30303030303030304        1.0000000000000000        0.0000000000000000     
  
  0.30707070707070705        0.0000000000000000        0.0000000000000000     
  0.30707070707070705       0.11111111111111110        1.6023150274092336E-002
  0.30707070707070705       0.22222222222222221        3.0113672148616544E-002
  0.30707070707070705       0.33333333333333331        4.0572040731549859E-002
  0.30707070707070705       0.44444444444444442        4.6136822422708876E-002
  0.30707070707070705       0.55555555555555558        4.6136822422708876E-002
  0.30707070707070705       0.66666666666666663        4.0572040731549859E-002
  0.30707070707070705       0.77777777777777768        3.0113672148616540E-002
  0.30707070707070705       0.88888888888888884        1.6023150274092332E-002
  0.30707070707070705        1.0000000000000000        0.0000000000000000     
  
  0.31111111111111112        0.0000000000000000        0.0000000000000000     
  0.31111111111111112       0.11111111111111110        1.5390653706960949E-002
  0.31111111111111112       0.22222222222222221        2.8924967435004979E-002
  0.31111111111111112       0.33333333333333331        3.8970503203332812E-002
  0.31111111111111112       0.44444444444444442        4.4315621141965925E-002
  0.31111111111111112       0.55555555555555558        4.4315621141965925E-002
  0.31111111111111112       0.66666666666666663        3.8970503203332812E-002
  0.31111111111111112       0.77777777777777768        2.8924967435004976E-002
  0.31111111111111112       0.88888888888888884        1.5390653706960945E-002
  0.31111111111111112        1.0000000000000000        0.0000000000000000     
  
  0.31515151515151513        0.0000000000000000        0.0000000000000000     
  0.31515151515151513       0.11111111111111110        1.4783124259315411E-002
  0.31515151515151513       0.22222222222222221        2.7783185557279679E-002
  0.31515151515151513       0.33333333333333331        3.7432184640887267E-002
  0.31515151515151513       0.44444444444444442        4.2566309816595087E-002
  0.31515151515151513       0.55555555555555558        4.2566309816595087E-002
  0.31515151515151513       0.66666666666666663        3.7432184640887267E-002
  0.31515151515151513       0.77777777777777768        2.7783185557279676E-002
  0.31515151515151513       0.88888888888888884        1.4783124259315409E-002
  0.31515151515151513        1.0000000000000000        0.0000000000000000     
  
  0.31919191919191919        0.0000000000000000        0.0000000000000000     
  0.31919191919191919       0.11111111111111110        1.4199576381055037E-002
  0.31919191919191919       0.22222222222222221        2.6686474287126585E-002
  0.31919191919191919       0.33333333333333331        3.5954589543756431E-002
  0.31919191919191919       0.44444444444444442        4.0886050668181621E-002
  0.31919191919191919       0.55555555555555558        4.0886050668181621E-002
  0.31919191919191919       0.66666666666666663        3.5954589543756431E-002
  0.31919191919191919       0.77777777777777768        2.6686474287126581E-002
  0.31919191919191919       0.88888888888888884        1.4199576381055035E-002
  0.31919191919191919        1.0000000000000000        0.0000000000000000     
  
  0.32323232323232320        0.0000000000000000        0.0000000000000000     
  0.32323232323232320       0.11111111111111110        1.3639063425605894E-002
  0.32323232323232320       0.22222222222222221        2.5633054510945663E-002
  0.32323232323232320       0.33333333333333331        3.4535320918671272E-002
  0.32323232323232320       0.44444444444444442        3.9272117936551561E-002
  0.32323232323232320       0.55555555555555558        3.9272117936551561E-002
  0.32323232323232320       0.66666666666666663        3.4535320918671272E-002
  0.32323232323232320       0.77777777777777768        2.5633054510945663E-002
  0.32323232323232320       0.88888888888888884        1.3639063425605892E-002
  0.32323232323232320        1.0000000000000000        0.0000000000000000     
  
  0.32727272727272727        0.0000000000000000        0.0000000000000000     
  0.32727272727272727       0.11111111111111110        1.3100676114246071E-002
  0.32727272727272727       0.22222222222222221        2.4621217343726482E-002
  0.32727272727272727       0.33333333333333331        3.3172076391085534E-002
  0.32727272727272727       0.44444444444444442        3.7721893457972555E-002
  0.32727272727272727       0.55555555555555558        3.7721893457972555E-002
  0.32727272727272727       0.66666666666666663        3.3172076391085534E-002
  0.32727272727272727       0.77777777777777768        2.4621217343726482E-002
  0.32727272727272727       0.88888888888888884        1.3100676114246071E-002
  0.32727272727272727        1.0000000000000000        0.0000000000000000     
  
  0.33131313131313134        0.0000000000000000        0.0000000000000000     
  0.33131313131313134       0.11111111111111110        1.2583541061050037E-002
  0.33131313131313134       0.22222222222222221        2.3649321356850401E-002
  0.33131313131313134       0.33333333333333331        3.1862644470203781E-002
  0.33131313131313134       0.44444444444444442        3.6232862417900441E-002
  0.33131313131313134       0.55555555555555558        3.6232862417900441E-002
  0.33131313131313134       0.66666666666666663        3.1862644470203774E-002
  0.33131313131313134       0.77777777777777768        2.3649321356850401E-002
  0.33131313131313134       0.88888888888888884        1.2583541061050037E-002
  0.33131313131313134        1.0000000000000000        0.0000000000000000     
  
  0.33535353535353535        0.0000000000000000        0.0000000000000000     
  0.33535353535353535       0.11111111111111110        1.2086819356059235E-002
  0.33535353535353535       0.22222222222222221        2.2715789915322297E-002
  0.33535353535353535       0.33333333333333331        3.0604900961443401E-002
  0.33535353535353535       0.44444444444444442        3.4802609271381534E-002
  0.33535353535353535       0.55555555555555558        3.4802609271381534E-002
  0.33535353535353535       0.66666666666666663        3.0604900961443398E-002
  0.33535353535353535       0.77777777777777768        2.2715789915322294E-002
  0.33535353535353535       0.88888888888888884        1.2086819356059235E-002
  0.33535353535353535        1.0000000000000000        0.0000000000000000     
  
  0.33939393939393941        0.0000000000000000        0.0000000000000000     
  0.33939393939393941       0.11111111111111110        1.1609705204380488E-002
  0.33939393939393941       0.22222222222222221        2.1819108620112201E-002
  0.33939393939393941       0.33333333333333331        2.9396805520510792E-002
  0.33939393939393941       0.44444444444444442        3.3428813824492691E-002
  0.33939393939393941       0.55555555555555558        3.3428813824492691E-002
  0.33939393939393941       0.66666666666666663        2.9396805520510792E-002
  0.33939393939393941       0.77777777777777768        2.1819108620112201E-002
  0.33939393939393941       0.88888888888888884        1.1609705204380486E-002
  0.33939393939393941        1.0000000000000000        0.0000000000000000     
  
  0.34343434343434343        0.0000000000000000        0.0000000000000000     
  0.34343434343434343       0.11111111111111110        1.1151424619004525E-002
  0.34343434343434343       0.22222222222222221        2.0957822851457725E-002
  0.34343434343434343       0.33333333333333331        2.8236398343501692E-002
  0.34343434343434343       0.44444444444444442        3.2109247470462253E-002
  0.34343434343434343       0.55555555555555558        3.2109247470462253E-002
  0.34343434343434343       0.66666666666666663        2.8236398343501692E-002
  0.34343434343434343       0.77777777777777768        2.0957822851457725E-002
  0.34343434343434343       0.88888888888888884        1.1151424619004525E-002
  0.34343434343434343        1.0000000000000000        0.0000000000000000     
  
  0.34747474747474749        0.0000000000000000        0.0000000000000000     
  0.34747474747474749       0.11111111111111110        1.0711234165224091E-002
  0.34747474747474749       0.22222222222222221        2.0130535409141975E-002
  0.34747474747474749       0.33333333333333331        2.7121796987656214E-002
  0.34747474747474749       0.44444444444444442        3.0841769574366070E-002
  0.34747474747474749       0.55555555555555558        3.0841769574366070E-002
  0.34747474747474749       0.66666666666666663        2.7121796987656214E-002
  0.34747474747474749       0.77777777777777768        2.0130535409141975E-002
  0.34747474747474749       0.88888888888888884        1.0711234165224091E-002
  0.34747474747474749        1.0000000000000000        0.0000000000000000     
  
  0.35151515151515150        0.0000000000000000        0.0000000000000000     
  0.35151515151515150       0.11111111111111110        1.0288419754614787E-002
  0.35151515151515150       0.22222222222222221        1.9335904245918963E-002
  0.35151515151515150       0.33333333333333331        2.6051193317611143E-002
  0.35151515151515150       0.44444444444444442        2.9624324000533754E-002
  0.35151515151515150       0.55555555555555558        2.9624324000533754E-002
  0.35151515151515150       0.66666666666666663        2.6051193317611143E-002
  0.35151515151515150       0.77777777777777768        1.9335904245918963E-002
  0.35151515151515150       0.88888888888888884        1.0288419754614787E-002
  0.35151515151515150        1.0000000000000000        0.0000000000000000     
  
  0.35555555555555557        0.0000000000000000        0.0000000000000000     
  0.35555555555555557       0.11111111111111110        9.8822954866222244E-003
  0.35555555555555557       0.22222222222222221        1.8572640290409583E-002
  0.35555555555555557       0.33333333333333331        2.5022850572195648E-002
  0.35555555555555557       0.44444444444444442        2.8454935777031808E-002
  0.35555555555555557       0.55555555555555558        2.8454935777031811E-002
  0.35555555555555557       0.66666666666666663        2.5022850572195648E-002
  0.35555555555555557       0.77777777777777768        1.8572640290409583E-002
  0.35555555555555557       0.88888888888888884        9.8822954866222244E-003
  0.35555555555555557        1.0000000000000000        0.0000000000000000     
  
  0.35959595959595958        0.0000000000000000        0.0000000000000000     
  0.35959595959595958       0.11111111111111110        9.4922025358762686E-003
  0.35959595959595958       0.22222222222222221        1.7839505355936432E-002
  0.35959595959595958       0.33333333333333331        2.4035100547012044E-002
  0.35959595959595958       0.44444444444444442        2.7331707891812700E-002
  0.35959595959595958       0.55555555555555558        2.7331707891812700E-002
  0.35959595959595958       0.66666666666666663        2.4035100547012044E-002
  0.35959595959595958       0.77777777777777768        1.7839505355936432E-002
  0.35959595959595958       0.88888888888888884        9.4922025358762686E-003
  0.35959595959595958        1.0000000000000000        0.0000000000000000     
  
  0.36363636363636365        0.0000000000000000        0.0000000000000000     
  0.36363636363636365       0.11111111111111110        9.1175080834273621E-003
  0.36363636363636365       0.22222222222222221        1.7135310131905123E-002
  0.36363636363636365       0.33333333333333331        2.3086340888231149E-002
  0.36363636363636365       0.44444444444444442        2.6252818215332485E-002
  0.36363636363636365       0.55555555555555558        2.6252818215332485E-002
  0.36363636363636365       0.66666666666666663        2.3086340888231149E-002
  0.36363636363636365       0.77777777777777768        1.7135310131905123E-002
  0.36363636363636365       0.88888888888888884        9.1175080834273621E-003
  0.36363636363636365        1.0000000000000000        0.0000000000000000     
  
  0.36767676767676766        0.0000000000000000        0.0000000000000000     
  0.36767676767676766       0.11111111111111110        8.7576042901711289E-003
  0.36767676767676766       0.22222222222222221        1.6458912254473646E-002
  0.36767676767676766       0.33333333333333331        2.2175032493212159E-002
  0.36767676767676766       0.44444444444444442        2.5216516544644775E-002
  0.36767676767676766       0.55555555555555558        2.5216516544644775E-002
  0.36767676767676766       0.66666666666666663        2.2175032493212159E-002
  0.36767676767676766       0.77777777777777768        1.6458912254473646E-002
  0.36767676767676766       0.88888888888888884        8.7576042901711289E-003
  0.36767676767676766        1.0000000000000000        0.0000000000000000     
  
  0.37171717171717172        0.0000000000000000        0.0000000000000000     
  0.37171717171717172       0.11111111111111110        8.4119073107959477E-003
  0.37171717171717172       0.22222222222222221        1.5809214453379971E-002
  0.37171717171717172       0.33333333333333331        2.1299697013730228E-002
  0.37171717171717172       0.44444444444444442        2.4221121764175919E-002
  0.37171717171717172       0.55555555555555558        2.4221121764175919E-002
  0.37171717171717172       0.66666666666666663        2.1299697013730228E-002
  0.37171717171717172       0.77777777777777768        1.5809214453379971E-002
  0.37171717171717172       0.88888888888888884        8.4119073107959477E-003
  0.37171717171717172        1.0000000000000000        0.0000000000000000     
  
  0.37575757575757573        0.0000000000000000        0.0000000000000000     
  0.37575757575757573       0.11111111111111110        8.0798563466538634E-003
  0.37575757575757573       0.22222222222222221        1.5185162771921647E-002
  0.37575757575757573       0.33333333333333331        2.0458914457761462E-002
  0.37575757575757573       0.44444444444444442        2.3265019118575512E-002
  0.37575757575757573       0.55555555555555558        2.3265019118575512E-002
  0.37575757575757573       0.66666666666666663        2.0458914457761462E-002
  0.37575757575757573       0.77777777777777768        1.5185162771921647E-002
  0.37575757575757573       0.88888888888888884        8.0798563466538634E-003
  0.37575757575757573        1.0000000000000000        0.0000000000000000     
  
  0.37979797979797980        0.0000000000000000        0.0000000000000000     
  0.37979797979797980       0.11111111111111110        7.7609127360184190E-003
  0.37979797979797980       0.22222222222222221        1.4585744857199767E-002
  0.37979797979797980       0.33333333333333331        1.9651320885934846E-002
  0.37979797979797980       0.44444444444444442        2.2346657593218185E-002
  0.37979797979797980       0.55555555555555558        2.2346657593218185E-002
  0.37979797979797980       0.66666666666666663        1.9651320885934846E-002
  0.37979797979797980       0.77777777777777768        1.4585744857199765E-002
  0.37979797979797980       0.88888888888888884        7.7609127360184190E-003
  0.37979797979797980        1.0000000000000000        0.0000000000000000     
  
  0.38383838383838381        0.0000000000000000        0.0000000000000000     
  0.38383838383838381       0.11111111111111110        7.4545590802535594E-003
  0.38383838383838381       0.22222222222222221        1.4009988317853715E-002
  0.38383838383838381       0.33333333333333331        1.8875606198914277E-002
  0.38383838383838381       0.44444444444444442        2.1464547398107273E-002
  0.38383838383838381       0.55555555555555558        2.1464547398107273E-002
  0.38383838383838381       0.66666666666666663        1.8875606198914277E-002
  0.38383838383838381       0.77777777777777768        1.4009988317853715E-002
  0.38383838383838381       0.88888888888888884        7.4545590802535585E-003
  0.38383838383838381        1.0000000000000000        0.0000000000000000     
  
  0.38787878787878788        0.0000000000000000        0.0000000000000000     
  0.38787878787878788       0.11111111111111110        7.1602984044760818E-003
  0.38787878787878788       0.22222222222222221        1.3456959146622574E-002
  0.38787878787878788       0.33333333333333331        1.8130512012121257E-002
  0.38787878787878788       0.44444444444444442        2.0617257551098656E-002
  0.38787878787878788       0.55555555555555558        2.0617257551098656E-002
  0.38787878787878788       0.66666666666666663        1.8130512012121257E-002
  0.38787878787878788       0.77777777777777768        1.3456959146622574E-002
  0.38787878787878788       0.88888888888888884        7.1602984044760818E-003
  0.38787878787878788        1.0000000000000000        0.0000000000000000     
  
  0.39191919191919194        0.0000000000000000        0.0000000000000000     
  0.39191919191919194       0.11111111111111110        6.8776533513500342E-003
  0.39191919191919194       0.22222222222222221        1.2925760205174200E-002
  0.39191919191919194       0.33333333333333331        1.7414829614350653E-002
  0.39191919191919194       0.44444444444444442        1.9803413556524235E-002
  0.39191919191919194       0.55555555555555558        1.9803413556524235E-002
  0.39191919191919194       0.66666666666666663        1.7414829614350653E-002
  0.39191919191919194       0.77777777777777768        1.2925760205174200E-002
  0.39191919191919194       0.88888888888888884        6.8776533513500342E-003
  0.39191919191919194        1.0000000000000000        0.0000000000000000     
  
  0.39595959595959596        0.0000000000000000        0.0000000000000000     
  0.39595959595959596       0.11111111111111110        6.6061654067052049E-003
  0.39595959595959596       0.22222222222222221        1.2415529768744040E-002
  0.39595959595959596       0.33333333333333331        1.6727398006967896E-002
  0.39595959595959596       0.44444444444444442        1.9021695175449244E-002
  0.39595959595959596       0.55555555555555558        1.9021695175449244E-002
  0.39595959595959596       0.66666666666666663        1.6727398006967896E-002
  0.39595959595959596       0.77777777777777768        1.2415529768744039E-002
  0.39595959595959596       0.88888888888888884        6.6061654067052049E-003
  0.39595959595959596        1.0000000000000000        0.0000000000000000     
  
  0.40000000000000002        0.0000000000000000        0.0000000000000000     
  0.40000000000000002       0.11111111111111110        6.3453941557234843E-003
  0.40000000000000002       0.22222222222222221        1.1925440128222775E-002
  0.40000000000000002       0.33333333333333331        1.6067102020506711E-002
  0.40000000000000002       0.44444444444444442        1.8270834283946259E-002
  0.40000000000000002       0.55555555555555558        1.8270834283946259E-002
  0.40000000000000002       0.66666666666666663        1.6067102020506711E-002
  0.40000000000000002       0.77777777777777768        1.1925440128222773E-002
  0.40000000000000002       0.88888888888888884        6.3453941557234834E-003
  0.40000000000000002        1.0000000000000000        0.0000000000000000     
  
