           1           1   0.0000000000000000     
           1           2   0.0000000000000000     
           1           3   0.0000000000000000     
           1           4   0.0000000000000000     
           1           5   0.0000000000000000     
           1           6   0.0000000000000000     
           1           7   0.0000000000000000     
           1           8   0.0000000000000000     
           1           9   0.0000000000000000     
           1          10   0.0000000000000000     
           1          11   0.0000000000000000     
           1          12   0.0000000000000000     
           1          13   0.0000000000000000     
           1          14   0.0000000000000000     
           1          15   0.0000000000000000     
           1          16   0.0000000000000000     
           1          17   0.0000000000000000     
           1          18   0.0000000000000000     
           1          19   0.0000000000000000     
           1          20   0.0000000000000000     
           1          21   0.0000000000000000     
           1          22   0.0000000000000000     
           1          23   0.0000000000000000     
           1          24   0.0000000000000000     
           1          25   0.0000000000000000     
           1          26   0.0000000000000000     
           1          27   0.0000000000000000     
           1          28   0.0000000000000000     
           1          29   0.0000000000000000     
           1          30   0.0000000000000000     
           1          31   0.0000000000000000     
 
           2           1   0.0000000000000000     
           2           2  -1.3391220474527343     
           2           3  -2.6400857646724574     
           2           4  -3.8662501889094636     
           2           5  -4.9852863942526087     
           2           6  -5.9730329394807304     
           2           7  -6.8167095338032855     
           2           8  -7.5154114064018547     
           2           9  -8.0778418637238687     
           2          10  -8.5186761038088399     
           2          11  -8.8549761858556852     
           2          12  -9.1034348923405712     
           2          13  -9.2786140701652062     
           2          14  -9.3920031302551816     
           2          15  -9.4516202861588372     
           2          16  -9.4619070033643826     
           2          17  -9.4237432059184219     
           2          18  -9.3344959782546955     
           2          19  -9.1880957971161834     
           2          20  -8.9752132832196416     
           2          21  -8.6836878746408370     
           2          22  -8.2994268720677074     
           2          23  -7.8080113337799375     
           2          24  -7.1971397694555588     
           2          25  -6.4597170282767244     
           2          26  -5.5968290885745349     
           2          27  -4.6192718168462150     
           2          28  -3.5463855437820433     
           2          29  -2.4023796823749253     
           2          30  -1.2123484219241809     
           2          31   0.0000000000000000     
 
           3           1   0.0000000000000000     
           3           2  -2.7165848220960780     
           3           3  -5.3552781967964540     
           3           4  -7.8400507529778354     
           3           5  -10.102388529122107     
           3           6  -12.090754541656292     
           3           7  -13.779093573788920     
           3           8  -15.167863382441125     
           3           9  -16.278106715561105     
           3          10  -17.142759031572545     
           3          11  -17.798700699760168     
           3          12  -18.281079140135144     
           3          13  -18.619959828543578     
           3          14  -18.838720716152437     
           3          15  -18.953504233886168     
           3          16  -18.973178641470287     
           3          17  -18.899455697799446     
           3          18  -18.726994022780982     
           3          19  -18.443478562571578     
           3          20  -18.029822679912776     
           3          21  -17.460807037831366     
           3          22  -16.706641198049919     
           3          23  -15.736044447736045     
           3          24  -14.521325780418472     
           3          25  -13.045320960867953     
           3          26  -11.308674044408919     
           3          27  -9.3341430692895813     
           3          28  -7.1640850136631755     
           3          29  -4.8509040177668936     
           3          30  -2.4470602567591979     
           3          31   0.0000000000000000     
 
           4           1   0.0000000000000000     
           4           2  -4.1722314536936551     
           4           3  -8.2248727257478560     
           4           4  -12.036940529366609     
           4           5  -15.494273346628480     
           4           6  -18.509453275035323     
           4           7  -21.042118623597489     
           4           8  -23.100017480023485     
           4           9  -24.725224257884026     
           4          10  -25.976882534098198     
           4          11  -26.917369026046309     
           4          12  -27.603635090260298     
           4          13  -28.082855847152228     
           4          14  -28.390846351285585     
           4          15  -28.551912600109272     
           4          16  -28.579232801028471     
           4          17  -28.475248127470110     
           4          18  -28.231830318010637     
           4          19  -27.830217839363062     
           4          20  -27.240929130036424     
           4          21  -26.424125752679966     
           4          22  -25.331240008964922     
           4          23  -23.909050748226214     
           4          24  -22.107541684673315     
           4          25  -19.892199257984188     
           4          26  -17.258921173964612     
           4          27  -14.244943978754360     
           4          28  -10.925194460388546     
           4          29  -7.3902641422079087     
           4          30  -3.7250507839017573     
           4          31   0.0000000000000000     
 
           5           1   0.0000000000000000     
           5           2  -5.7478374831752452     
           5           3  -11.335641461019183     
           5           4  -16.589377881060990     
           5           5  -21.329314748428011     
           5           6  -25.411840072866646     
           5           7  -28.781231816784036     
           5           8  -31.466311688514089     
           5           9  -33.547442878537424     
           5          10  -35.123813176567154     
           5          11  -36.291954362491154     
           5          12  -37.134972974094289     
           5          13  -37.718738139703056     
           5          14  -38.091651708098638     
           5          15  -38.285802838734973     
           5          16  -38.318289949449266     
           5          17  -38.192117194070576     
           5          18  -37.896434564627015     
           5          19  -37.406122218279080     
           5          20  -36.680942025245194     
           5          21  -35.664810410277759     
           5          22  -34.286308222192140     
           5          23  -32.462417174762699     
           5          24  -30.108499429928678     
           5          25  -27.157785090909670     
           5          26  -23.590499412478529     
           5          27  -19.462007520141654     
           5          28  -14.901833116111145     
           5          29  -10.060115462966939     
           5          30  -5.0629504025122447     
           5          31   0.0000000000000000     
 
           6           1   0.0000000000000000     
           6           2  -7.4838846188836259     
           6           3  -14.781135431186256     
           6           4  -21.656500602398872     
           6           5  -27.822858766786375     
           6           6  -33.028633605476358     
           6           7  -37.206088813176919     
           6           8  -40.438121877254076     
           6           9  -42.876101593884989     
           6          10  -44.680740630392968     
           6          11  -45.993495269885301     
           6          12  -46.927439782821907     
           6          13  -47.567367744230594     
           6          14  -47.973113960715324     
           6          15  -48.183229740236769     
           6          16  -48.217838339704429     
           6          17  -48.080268058047906     
           6          18  -47.757364226971205     
           6          19  -47.218498687737750     
           6          20  -46.413405548760934     
           6          21  -45.269247954152604     
           6          22  -43.688020629606825     
           6          23  -41.546930340011038     
           6          24  -38.707231916218838     
           6          25  -35.040773515160986     
           6          26  -30.483964673194365     
           6          27  -25.111281744212132     
           6          28  -19.160389840321489     
           6          29  -12.885636891759969     
           6          30  -6.4667096255376944     
           6          31   0.0000000000000000     
 
           7           1   0.0000000000000000     
           7           2  -9.4069720589798056     
           7           3  -18.649165693803834     
           7           4  -27.433502452815723     
           7           5  -35.278056584752100     
           7           6  -41.674992930909191     
           7           7  -46.577767326537774     
           7           8  -50.205515454109218     
           7           9  -52.839739044402322     
           7          10  -54.731275889584481     
           7          11  -56.075632562243882     
           7          12  -57.015750095347187     
           7          13  -57.652025124001774     
           7          14  -58.052050872557992     
           7          15  -58.257986261209147     
           7          16  -58.291347375940440     
           7          17  -58.155475913176623     
           7          18  -57.835904457068715     
           7          19  -57.298662295260300     
           7          20  -56.486390636614665     
           7          21  -55.312098516090110     
           7          22  -53.650815849755816     
           7          23  -51.331140203828170     
           7          24  -48.133675527543062     
           7          25  -43.814921511807455     
           7          26  -38.193967764374378     
           7          27  -31.339280803287100     
           7          28  -23.743173942438467     
           7          29  -15.855549559082101     
           7          30  -7.9183215360967116     
           7          31   0.0000000000000000     
 
           8           1   0.0000000000000000     
           8           2  -11.495206976154940     
           8           3  -22.975637674090940     
           8           4  -34.151065068132205     
           8           5  -44.181821831573664     
           8           6  -51.816615791038650     
           8           7  -57.225706535983178     
           8           8  -60.967781519184001     
           8           9  -63.547505108127133     
           8          10  -65.330507367524078     
           8          11  -66.563579547119033     
           8          12  -67.409508569261803     
           8          13  -67.974553600445361     
           8          14  -68.326697812068005     
           8          15  -68.506917068562061     
           8          16  -68.535652797479230     
           8          17  -68.415895916891515     
           8          18  -68.133561682029807     
           8          19  -67.655222964470312     
           8          20  -66.922673631669056     
           8          21  -65.843117110014504     
           8          22  -64.273073364789013     
           8          23  -61.994093696308020     
           8          24  -58.682243445482776     
           8          25  -53.891981103982737     
           8          26  -47.138290300380490     
           8          27  -38.309157848941354     
           8          28  -28.617802230025195     
           8          29  -18.875259118465973     
           8          30  -9.3510878688269159     
           8          31   0.0000000000000000     
 
           9           1   0.0000000000000000     
           9           2  -13.598520597245813     
           9           3  -27.607584591156154     
           9           4  -42.013916541443592     
           9           5  -55.482294896051393     
           9           6  -64.184800725335151     
           9           7  -69.541620979170006     
           9           8  -72.893444890476928     
           9           9  -75.053110053359902     
           9          10  -76.480843026631533     
           9          11  -77.439885219375952     
           9          12  -78.085393044599357     
           9          13  -78.511236780723337     
           9          14  -78.774521346942379     
           9          15  -78.908567304413097     
           9          16  -78.929658240644684     
           9          17  -78.840060308868203     
           9          18  -78.628339122782748     
           9          19  -78.267048824464879     
           9          20  -77.706948537504331     
           9          21  -76.865530353132158     
           9          22  -75.605090838856768     
           9          23  -73.690653773869670     
           9          24  -70.709868320118545     
           9          25  -65.933021300966914     
           9          26  -58.158513339287218     
           9          27  -46.141622176805079     
           9          28  -33.543880909695162     
           9          29  -21.676752921178426     
           9          30  -10.610818477708074     
           9          31   0.0000000000000000     
 
          10           1   0.0000000000000000     
          10           2  -15.291508259284871     
          10           3  -31.842591651695042     
          10           4  -50.815134918772017     
          10           5  -71.549118943874149     
          10           6  -79.899216322808044     
          10           7  -83.863137845962044     
          10           8  -86.011926011270745     
          10           9  -87.291350110558241     
          10          10  -88.100606964255292     
          10          11  -88.630487914897387     
          10          12  -88.981720096712223     
          10          13  -89.211264335812785     
          10          14  -89.352366606941388     
          10          15  -89.423945178661199     
          10          16  -89.435106732658525     
          10          17  -89.387076309033489     
          10          18  -89.273381427121350     
          10          19  -89.078341727735776     
          10          20  -88.773154353595615     
          10          21  -88.307529378529637     
          10          22  -87.591618167228233     
          10          23  -86.454019903286508     
          10          24  -84.533956682628641     
          10          25  -80.972069418218339     
          10          26  -73.421414835506937     
          10          27  -54.555184045264632     
          10          28  -37.739531498707024     
          10          29  -23.677164679710067     
          10          30  -11.415465772299445     
          10          31   0.0000000000000000     
 
          11           1   0.0000000000000000     
          11           2  -15.725048824551660     
          11           3  -33.656315816474006     
          11           4  -57.855103510159459     
          11           5  -100.00000000000000     
          11           6  -100.00000000000000     
          11           7  -100.00000000000000     
          11           8  -100.00000000000000     
          11           9  -100.00000000000000     
          11          10  -100.00000000000000     
          11          11  -100.00000000000000     
          11          12  -100.00000000000000     
          11          13  -100.00000000000000     
          11          14  -100.00000000000000     
          11          15  -100.00000000000000     
          11          16  -100.00000000000000     
          11          17  -100.00000000000000     
          11          18  -100.00000000000000     
          11          19  -100.00000000000000     
          11          20  -100.00000000000000     
          11          21  -100.00000000000000     
          11          22  -100.00000000000000     
          11          23  -100.00000000000000     
          11          24  -100.00000000000000     
          11          25  -100.00000000000000     
          11          26  -100.00000000000000     
          11          27  -60.918294957952256     
          11          28  -39.182002782928890     
          11          29  -23.876974901876373     
          11          30  -11.373897996809074     
          11          31   0.0000000000000000     
 
          12           1   0.0000000000000000     
          12           2  -13.952421009080496     
          12           3  -29.202566701539848     
          12           4  -46.948957312871187     
          12           5  -66.563901703393867     
          12           6  -73.926254943364512     
          12           7  -77.046502817349761     
          12           8  -78.496591554665429     
          12           9  -79.213587217463356     
          12          10  -79.582011740330643     
          12          11  -79.775594701054871     
          12          12  -79.878370664739151     
          12          13  -79.932738738048727     
          12          14  -79.960455537060014     
          12          15  -79.972421105624420     
          12          16  -79.973300593749514     
          12          17  -79.963439000243653     
          12          18  -79.938996591152332     
          12          19  -79.890362305070099     
          12          20  -79.798062372866681     
          12          21  -79.623967062325264     
          12          22  -79.292319985398706     
          12          23  -78.646138744708324     
          12          24  -77.336946411211485     
          12          25  -74.512478804247706     
          12          26  -67.824707518424461     
          12          27  -49.936032424864820     
          12          28  -34.193250434851926     
          12          29  -21.274861054644568     
          12          30  -10.203156869858963     
          12          31   0.0000000000000000     
 
          13           1   0.0000000000000000     
          13           2  -10.882062832930538     
          13           3  -22.252543457044009     
          13           4  -34.174189650129051     
          13           5  -45.380295361137335     
          13           6  -52.094491511617171     
          13           7  -55.763021582047664     
          13           8  -57.726117372382177     
          13           9  -58.775574238613444     
          13          10  -59.338683861214811     
          13          11  -59.641807799054789     
          13          12  -59.804955462187394     
          13          13  -59.891931974644855     
          13          14  -59.936464550295774     
          13          15  -59.955731507922920     
          13          16  -59.957148318185872     
          13          17  -59.941269476479249     
          13          18  -59.902002031882034     
          13          19  -59.824215177991427     
          13          20  -59.677754596143266     
          13          21  -59.405331532416000     
          13          22  -58.899032683720307     
          13          23  -57.955162102185170     
          13          24  -56.189059437748583     
          13          25  -52.888175303067186     
          13          26  -46.850266042213590     
          13          27  -36.807850413059327     
          13          28  -26.380094382314020     
          13          29  -16.826056967639673     
          13          30  -8.1638639888369937     
          13          31   0.0000000000000000     
 
          14           1   0.0000000000000000     
          14           2  -7.3232423321274762     
          14           3  -14.751271979922880     
          14           4  -22.114838399667622     
          14           5  -28.688436618590398     
          14           6  -33.308199749923432     
          14           7  -36.184753072513217     
          14           8  -37.869038140448616     
          14           9  -38.823646311675134     
          14          10  -39.355065076192872     
          14          11  -39.647709733098850     
          14          12  -39.807416479297274     
          14          13  -39.893269924892820     
          14          14  -39.937438729370228     
          14          15  -39.956593308333709     
          14          16  -39.957997449426756     
          14          17  -39.942201484902199     
          14          18  -39.903249529864716     
          14          19  -39.826476578171011     
          14          20  -39.683158604931549     
          14          21  -39.420337927769282     
          14          22  -38.943102503650216     
          14          23  -38.086224828722180     
          14          24  -36.575786220444314     
          14          25  -34.000757927813304     
          14          26  -29.880224306769939     
          14          27  -24.064932606341209     
          14          28  -17.693169159233840     
          14          29  -11.485378784688026     
          14          30  -5.6262300778876151     
          14          31   0.0000000000000000     
 
          15           1   0.0000000000000000     
          15           2  -3.6595635807997766     
          15           3  -7.3143442806136267     
          15           4  -10.845289434375919     
          15           5  -13.950204973455868     
          15           6  -16.264873127926762     
          15           7  -17.798476870993905     
          15           8  -18.741333641678612     
          15           9  -19.294584110181315     
          15          10  -19.609879609183938     
          15          11  -19.786195869667381     
          15          12  -19.883368185417400     
          15          13  -19.935924863324022     
          15          14  -19.963058153816355     
          15          15  -19.974838801279297     
          15          16  -19.975685577549676     
          15          17  -19.965937245673658     
          15          18  -19.941977720088886     
          15          19  -19.894957527890835     
          15          20  -19.807757433358756     
          15          21  -19.649471428164123     
          15          22  -19.366549798339598     
          15          23  -18.870609262437554     
          15          24  -18.026891828905544     
          15          25  -16.658666256033790     
          15          26  -14.604794590905360     
          15          27  -11.878374423439809     
          15          28  -8.8421916876260482     
          15          29  -5.7960112776725090     
          15          30  -2.8556600220390838     
          15          31   0.0000000000000000     
 
          16           1   0.0000000000000000     
          16           2  -5.8063367128222923E-004
          16           3  -1.1107613519929802E-003
          16           4  -1.5798733650516420E-003
          16           5  -1.9876388546510803E-003
          16           6  -2.3407189942974251E-003
          16           7  -2.6455984061639782E-003
          16           8  -2.9064504958028975E-003
          16           9  -3.1255645427341701E-003
          16          10  -3.3042056911141470E-003
          16          11  -3.4432421502065338E-003
          16          12  -3.5434977299300926E-003
          16          13  -3.6059245746269813E-003
          16          14  -3.6316784268961844E-003
          16          15  -3.6221452871314486E-003
          16          16  -3.5789442440605176E-003
          16          17  -3.5039175773726749E-003
          16          18  -3.3991117902571967E-003
          16          19  -3.2667483456883997E-003
          16          20  -3.1091777371130671E-003
          16          21  -2.9288023859886277E-003
          16          22  -2.7279395353456892E-003
          16          23  -2.5085723340149300E-003
          16          24  -2.2719112876897502E-003
          16          25  -2.0176979836591261E-003
          16          26  -1.7433615690923459E-003
          16          27  -1.4437836059798426E-003
          16          28  -1.1137153275420817E-003
          16          29  -7.5469841783415686E-004
          16          30  -3.7751968577731730E-004
          16          31   0.0000000000000000     
 
          17           1   0.0000000000000000     
          17           2   3.6584465110612943     
          17           3   7.3122117191310370     
          17           4   10.842265126547700     
          17           5   13.946410988489401     
          17           6   16.260412957726352     
          17           7   17.793440039223434     
          17           8   18.735802191570315     
          17           9   19.288636477427538     
          17          10   19.603592335217524     
          17          11   19.779644116391403     
          17          12   19.876625673042373     
          17          13   19.929063552764152     
          17          14   19.956147826727115     
          17          15   19.967946608914929     
          17          16   19.968875592509516     
          17          17   19.959270035051308     
          17          18   19.935509953640366     
          17          19   19.888741636578157     
          17          20   19.801841342385583     
          17          21   19.643898409208713     
          17          22   19.361358529657213     
          17          23   18.865834275500347     
          17          24   18.022564692239531     
          17          25   16.654818125297435     
          17          26   14.601460993938510     
          17          27   11.875602405544738     
          17          28   8.8400443703480622     
          17          29   5.7945513390166639     
          17          30   2.8549282435172101     
          17          31   0.0000000000000000     
 
          18           1   0.0000000000000000     
          18           2   7.3222510905266578     
          18           3   14.749394032028835     
          18           4   22.112205280086933     
          18           5   28.685171211877140     
          18           6   33.304384922077979     
          18           7   36.180456919100003     
          18           8   37.864325256168868     
          18           9   38.818580824343812     
          18          10   39.349710987777755     
          18          11   39.642130582589004     
          18          12   39.801674884639993     
          18          13   39.887427127105376     
          18          14   39.931554157529739     
          18          15   39.950724166022809     
          18          16   39.952198323034544     
          18          17   39.936523976022222     
          18          18   39.897741915104540     
          18          19   39.821183499715985     
          18          20   39.678120794078595     
          18          21   39.415591961685401     
          18          22   38.938680596807934     
          18          23   38.082154685207030     
          18          24   36.572091101163309     
          18          25   33.997457577454725     
          18          26   29.877338910533908     
          18          27   24.062495292223584     
          18          28   17.691251607975275     
          18          29   11.484059912887947     
          18          30   5.6255645084820003     
          18          31   0.0000000000000000     
 
          19           1   0.0000000000000000     
          19           2   10.881258816173107     
          19           3   22.251048341091181     
          19           4   34.172157440264805     
          19           5   45.377864088302147     
          19           6   52.091693263362146     
          19           7   55.759886963310599     
          19           8   57.722684777301346     
          19           9   58.771886863915519     
          19          10   59.334786980819281     
          19          11   59.637747204436934     
          19          12   59.800776595074083     
          19          13   59.887679387863230     
          19          14   59.932181514435470     
          19          15   59.951459684331752     
          19          16   59.952927466583212     
          19          17   59.937137185473318     
          19          18   59.897993467286511     
          19          19   59.820362842326141     
          19          20   59.674088082226397     
          19          21   59.401877227493493     
          19          22   58.895813322295631     
          19          23   57.952195949631601     
          19          24   56.186358703294260     
          19          25   52.885743340309318     
          19          26   46.848094584142252     
          19          27   36.805930467059220     
          19          28   26.378523976033996     
          19          29   16.824949165676497     
          19          30   8.1632972686329559     
          19          31   0.0000000000000000     
 
          20           1   0.0000000000000000     
          20           2   13.951832850981070     
          20           3   29.201517890299414     
          20           4   46.947652722542031     
          20           5   66.562559451271156     
          20           6   73.924763829707203     
          20           7   77.044846507755480     
          20           8   78.494781544260121     
          20           9   79.211643799579321     
          20          10   79.579958066045521     
          20          11   79.773454714454289     
          20          12   79.876168280808173     
          20          13   79.930497446960402     
          20          14   79.958198163213183     
          20          15   79.970169626562267     
          20          16   79.971075985249584     
          20          17   79.961261095519944     
          20          18   79.936883948614707     
          20          19   79.888332077524723     
          20          20   79.796130160379590     
          20          21   79.622146701438865     
          20          22   79.290623149505578     
          20          23   78.644574016450136     
          20          24   77.335516857766095     
          20          25   74.511175072558899     
          20          26   67.823486480416335     
          20          27   49.934745328762212     
          20          28   34.192088423253878     
          20          29   21.274000054425382     
          20          30   10.202706244919565     
          20          31   0.0000000000000000     
 
          21           1   0.0000000000000000     
          21           2   15.724665388229131     
          21           3   33.655683046753474     
          21           4   57.854498565022276     
          21           5   100.00000000000000     
          21           6   100.00000000000000     
          21           7   100.00000000000000     
          21           8   100.00000000000000     
          21           9   100.00000000000000     
          21          10   100.00000000000000     
          21          11   100.00000000000000     
          21          12   100.00000000000000     
          21          13   100.00000000000000     
          21          14   100.00000000000000     
          21          15   100.00000000000000     
          21          16   100.00000000000000     
          21          17   100.00000000000000     
          21          18   100.00000000000000     
          21          19   100.00000000000000     
          21          20   100.00000000000000     
          21          21   100.00000000000000     
          21          22   100.00000000000000     
          21          23   100.00000000000000     
          21          24   100.00000000000000     
          21          25   100.00000000000000     
          21          26   100.00000000000000     
          21          27   60.917622991584373     
          21          28   39.181227469240454     
          21          29   23.876355620469582     
          21          30   11.373564397900136     
          21          31   0.0000000000000000     
 
          22           1   0.0000000000000000     
          22           2   15.291292068632348     
          22           3   31.842246265197673     
          22           4   50.814808668596342     
          22           5   71.548969466798582     
          22           6   79.899128687398075     
          22           7   83.863075404317698     
          22           8   86.011875365661524     
          22           9   87.291305534333503     
          22          10   88.100565544924990     
          22          11   88.630447878059670     
          22          12   88.981680170108604     
          22          13   89.211223489192633     
          22          14   89.352323940680719     
          22          15   89.423899875179174     
          22          16   89.435058034035691     
          22          17   89.387023502251196     
          22          18   89.273323823899233     
          22          19   89.078278624466833     
          22          20   88.773084947629769     
          22          21   88.307452592531746     
          22          22   87.591532270102164     
          22          23   86.453921642304252     
          22          24   84.533839122142368     
          22          25   80.971915994718913     
          22          26   73.421181229893421     
          22          27   54.554737318773938     
          22          28   37.739029115152952     
          22          29   23.676753977121628     
          22          30   11.415240886867203     
          22          31   0.0000000000000000     
 
          23           1   0.0000000000000000     
          23           2   13.598465059435483     
          23           3   27.607516987620919     
          23           4   42.013903770336398     
          23           5   55.482390246496962     
          23           6   64.184984316245860     
          23           7   69.541871732296414     
          23           8   72.893747328440867     
          23           9   75.053452478795279     
          23          10   76.481215768988832     
          23          11   77.440279668601647     
          23          12   78.085801191810944     
          23          13   78.511651024114130     
          23          14   78.774934429052209     
          23          15   78.908972312278223     
          23          16   78.930048632811037     
          23          17   78.840429947839340     
          23          18   78.628682296395965     
          23          19   78.267360238061144     
          23          20   77.707223250148573     
          23          21   76.865763611496902     
          23          22   75.605277722544855     
          23          23   73.690788491408327     
          23          24   70.709942885174925     
          23          25   65.933023332146263     
          23          26   58.158424007468163     
          23          27   46.141424309543126     
          23          28   33.543637437469386     
          23          29   21.676542081828693     
          23          30   10.610699318598488     
          23          31   0.0000000000000000     
 
          24           1   0.0000000000000000     
          24           2   11.495323008322725     
          24           3   22.975882572152916     
          24           4   34.151460669088451     
          24           5   44.182381661941960     
          24           6   51.817329719865910     
          24           7   57.226555965303746     
          24           8   60.968746136570132     
          24           9   63.548564760500071     
          24          10   65.331642380866143     
          24          11   66.564770716701020     
          24          12   67.410737152061415     
          24          13   67.975801365572821     
          24          14   68.327947138075430     
          24          15   68.508151067460346     
          24          16   68.536855448414997     
          24          17   68.417052195910145     
          24          18   68.134657675767244     
          24          19   67.656245954744406     
          24          20   66.923612134932625     
          24          21   65.843960851311621     
          24          22   64.273813164385388     
          24          23   61.994721265301315     
          24          24   58.682751182219668     
          24          25   53.892362330667744     
          24          26   47.138541407070200     
          24          27   38.309285996355463     
          24          28   28.617841784877690     
          24          29   18.875254339855665     
          24          30   9.3510756075389416     
          24          31   0.0000000000000000     
 
          25           1   0.0000000000000000     
          25           2   9.4072632809507866     
          25           3   18.649739654016116     
          25           4   27.434353514352061     
          25           5   35.279174539239385     
          25           6   41.676357965938728     
          25           7   46.579353177914470     
          25           8   50.207292584811924     
          25           9   52.841676456182086     
          25          10   54.733342042233076     
          25          11   56.077795884103494     
          25          12   57.017979336739501     
          25          13   57.654289657380126     
          25          14   58.054320975095152     
          25          15   58.260233388432482     
          25          16   58.293544425172549     
          25          17   58.157597472144168     
          25          18   57.837927031899802     
          25          19   57.300564511957134     
          25          20   56.488153411347355     
          25          21   55.313705194530598     
          25          22   53.652252329993672     
          25          23   51.332395094602568     
          25          24   48.134740480191404     
          25          25   43.815792036641199     
          25          26   38.194645076164264     
          25          27   31.339775116007011     
          25          28   23.743507382949456     
          25          29   15.855749824719716     
          25          30   7.9184135487750362     
          25          31   0.0000000000000000     
 
          26           1   0.0000000000000000     
          26           2   7.4843303943471975     
          26           3   14.782003644793551     
          26           4   21.657767566018073     
          26           5   27.824497453641428     
          26           6   33.030611783784664     
          26           7   37.208369713437577     
          26           8   40.440665602858211     
          26           9   42.878866365380603     
          26          10   44.683683710521748     
          26          11   45.996573652487797     
          26          12   46.930610742848721     
          26          13   47.570589311649002     
          26          14   47.976345351095091     
          26          15   48.186431756660369     
          26          16   48.220973751068520     
          26          17   48.083301954162849     
          26          18   47.760264349003322     
          26          19   47.221235732698844     
          26          20   46.415953449224091     
          26          21   45.271584140549450     
          26          22   43.690126295052636     
          26          23   41.548790750374906     
          26          24   38.708836842538339     
          26          25   35.042117896512359     
          26          26   30.485049574162105     
          26          27   25.112115353158263     
          26          28   19.160987385585329     
          26          29   12.886017553938158     
          26          30   6.4668923167940608     
          26          31   0.0000000000000000     
 
          27           1   0.0000000000000000     
          27           2   5.7483859340697023     
          27           3   11.336706011169291     
          27           4   16.590924042698738     
          27           5   21.331304894167310     
          27           6   25.414232860661699     
          27           7   28.783982483197487     
          27           8   31.469372816516238     
          27           9   33.550765262033913     
          27          10   35.127346617268934     
          27          11   36.295648367216025     
          27          12   37.138777368317093     
          27          13   37.722603620228824     
          27          14   38.095530352074242     
          27          15   38.289648579130379     
          27          16   38.322059021782174     
          27          17   38.195768555846442     
          27          18   37.899930287444079     
          27          19   37.409427852646587     
          27          20   36.684026940001587     
          27          21   35.667648112400016     
          27          22   34.288876668926392     
          27          23   32.464699097236917     
          27          24   30.110482690282502     
          27          25   27.159463077599348     
          27          26   23.591871406927964     
          27          27   19.463078799451395     
          27          28   14.902614326152078     
          27          29   10.060620860679309     
          27          30   5.0631955877548460     
          27          31   0.0000000000000000     
 
          28           1   0.0000000000000000     
          28           2   4.1728010377589104     
          28           3   8.2259769343223912     
          28           4   12.038541491738936     
          28           5   15.496330157600763     
          28           6   18.511922014385096     
          28           7   21.044952681727299     
          28           8   23.103168112187070     
          28           9   24.728641233172738     
          28          10   25.980514789400615     
          28          11   26.921165286208556     
          28          12   27.607544445647363     
          28          13   28.086828291799783     
          28          14   28.394833287258528     
          28          15   28.555867312393040     
          28          16   28.583110905177314     
          28          17   28.479007990501756     
          28          18   28.235433452075757     
          28          19   27.833629267655514     
          28          20   27.244117725250973     
          28          21   26.427064549871620     
          28          22   25.333906496191403     
          28          23   23.911427137900034     
          28          24   22.109615161805738     
          28          25   19.893962180923477     
          28          26   17.260371160175925     
          28          27   14.246083745422414     
          28          28   10.926031252835413     
          28          29   7.3908086886837996     
          28          30   3.7253160299817329     
          28          31   0.0000000000000000     
 
          29           1   0.0000000000000000     
          29           2   2.7170727003614408     
          29           3   5.3562235159327862     
          29           4   7.8414203044710797     
          29           5   10.104146537776565     
          29           6   12.092862908877413     
          29           7   13.781512219953617     
          29           8   15.170550677936108     
          29           9   16.281019959298138     
          29          10   17.145854940066116     
          29          11   17.801935885075235     
          29          12   18.284410567611072     
          29          13   18.623345252140776     
          29          14   18.842119091886584     
          29          15   18.956876112090953     
          29          16   18.976486537981678     
          29          17   18.902664443374370     
          29          18   18.730071089529048     
          29          19   18.446394366031569     
          29          20   18.032550855614442     
          29          21   17.463324691490794     
          29          22   16.708929128305403     
          29          23   15.738087338256605     
          29          24   14.523112352244860     
          29          25   13.046844063642011     
          29          26   11.309930646459375     
          29          27   9.3351340887268996     
          29          28   7.1648149374591572     
          29          29   4.8513803137207478     
          29          30   2.4472926877218724     
          29          31   0.0000000000000000     
 
          30           1   0.0000000000000000     
          30           2   1.3394173674090823     
          30           3   2.6406578347417891     
          30           4   3.8670786712692395     
          30           5   4.9863493935740486     
          30           6   5.9743072194221023     
          30           7   6.8181707555227282     
          30           8   7.5170343888307780     
          30           9   8.0796008561789829     
          30          10   8.5205450607838795     
          30          11   8.8569290369869087     
          30          12   9.1054458038936019     
          30          13   9.2806576965377552     
          30          14   9.3940548549170142     
          30          15   9.4536564515905699     
          30          16   9.4639051293287508     
          30          17   9.4256821950828904     
          30          18   9.3363563079387415     
          30          19   9.1898596958244223     
          30          20   8.9768648906235047     
          30          21   8.6852133836581977     
          30          22   8.3008146513685119     
          30          23   7.8092520279086948     
          30          24   7.1982263711397234     
          30          25   6.4606449129261119     
          30          26   5.5975959952020222     
          30          27   4.6198777561321949     
          30          28   3.5468326197107745     
          30          29   2.4026718351541323     
          30          30   1.2124911307190012     
          30          31   0.0000000000000000     
 
          31           1   0.0000000000000000     
          31           2   0.0000000000000000     
          31           3   0.0000000000000000     
          31           4   0.0000000000000000     
          31           5   0.0000000000000000     
          31           6   0.0000000000000000     
          31           7   0.0000000000000000     
          31           8   0.0000000000000000     
          31           9   0.0000000000000000     
          31          10   0.0000000000000000     
          31          11   0.0000000000000000     
          31          12   0.0000000000000000     
          31          13   0.0000000000000000     
          31          14   0.0000000000000000     
          31          15   0.0000000000000000     
          31          16   0.0000000000000000     
          31          17   0.0000000000000000     
          31          18   0.0000000000000000     
          31          19   0.0000000000000000     
          31          20   0.0000000000000000     
          31          21   0.0000000000000000     
          31          22   0.0000000000000000     
          31          23   0.0000000000000000     
          31          24   0.0000000000000000     
          31          25   0.0000000000000000     
          31          26   0.0000000000000000     
          31          27   0.0000000000000000     
          31          28   0.0000000000000000     
          31          29   0.0000000000000000     
          31          30   0.0000000000000000     
          31          31   0.0000000000000000     
 
